-1.449800	10.899601
-1.752224	11.504449
-2.183594	12.367188
1.499369	5.001261
0.609599	6.780802
-2.900815	13.801630
1.099672	5.800656
-1.848497	11.696993
-1.254729	10.509458
2.182714	3.634573
-2.427323	12.854646
-0.793489	9.586979
3.049707	1.900586
-0.867172	9.734344
1.815219	4.369562
0.836150	6.327700
3.772310	0.455380
1.245591	5.508819
2.127564	3.744873
1.557395	4.885209
-0.092817	8.185634
-0.598273	9.196546
1.301550	5.396901
0.290869	7.418262
0.934138	6.131724
1.770800	4.458400
-3.149343	14.298685
-0.105634	8.211268
-1.894775	11.789549
0.608778	6.782444
1.733881	4.532239
-0.127131	8.254261
1.017236	5.965529
-2.875794	13.751587
-2.154130	12.308261
-1.066027	10.132055
2.715352	2.569297
-1.508272	11.016543
-2.287581	12.575162
3.490936	1.018128
-0.534702	9.069405
-0.357691	8.715382
1.050478	5.899045
0.619896	6.760208
-1.981600	11.963200
-1.361885	10.723770
-2.142888	12.285776
3.701444	0.597112
0.852819	6.294361
0.958285	6.083431
-1.436881	10.873762
1.833591	4.332818
-0.459715	8.919430
3.701080	0.597839
-1.625209	11.250418
3.957847	0.084305
0.678669	6.642662
3.397068	1.205865
2.873430	2.253140
0.327984	7.344032
-2.323486	12.646972
2.257035	3.485930
1.362675	5.274651
-3.529275	15.058551
-1.583536	11.167072
3.453214	1.093572
3.907699	0.184603
-1.393712	10.787424
-3.969262	15.938524
-2.553035	13.106070
3.300540	1.398920
1.299227	5.401546
1.049298	5.901404
1.049686	5.900628
3.555967	0.888065
3.965074	0.069853
3.402709	1.194583
-2.117155	12.234311
-3.321723	14.643446
-0.073518	8.147036
-2.501482	13.002964
-1.271814	10.543629
2.326145	3.347711
0.939007	6.121987
1.379870	5.240259
-2.189241	12.378482
3.550395	0.899211
-3.965230	15.930460
-0.107277	8.214555
1.694930	4.610140
2.068341	3.863319
-0.170415	8.340831
-0.108236	8.216472
-2.871950	13.743900
2.666509	2.666982
-2.625547	13.251093
-2.195343	12.390685
-3.954273	15.908546
-2.184777	12.369555
-0.322815	8.645630
-2.347117	12.694233
-0.013871	8.027742
-1.799897	11.599793
-1.071112	10.142224
-1.892488	11.784975
2.017424	3.965152
0.851327	6.297345
2.206333	3.587334
-3.605316	15.210631
0.265307	7.469386
3.826284	0.347431
-3.961754	15.923509
1.471079	5.057841
1.232100	5.535799
3.005232	1.989536
-3.452294	14.904588
-3.496470	14.992941
3.358890	1.282220
2.276557	3.446887
1.276270	5.447460
3.332450	1.335101
-3.326009	14.652017
-1.714490	11.428980
-1.531789	11.063578
2.917838	2.164325
2.850967	2.298065
-2.101854	12.203708
-1.136363	10.272726
-0.287311	8.574621
-1.135330	10.270659
2.528619	2.942762
-1.953225	11.906450
0.267531	7.464938
-1.241074	10.482148
-0.706247	9.412494
-1.792143	11.584286
1.394101	5.211799
2.105197	3.789606
-1.912402	11.824804
-3.602849	15.205699
-3.367297	14.734594
3.576993	0.846014
-1.859765	11.719530
0.134793	7.730413
0.775729	6.448543
-1.273357	10.546714
-0.162367	8.324734
-3.235674	14.471348
2.631229	2.737542
0.805087	6.389825
3.630535	0.738930
-0.823167	9.646333
2.684636	2.630729
0.408580	7.182841
1.469561	5.060878
-0.275620	8.551241
2.571403	2.857194
-0.425209	8.850417
-0.498081	8.996161
-2.487956	12.975912
-1.604982	11.209965
-1.494059	10.988118
3.715319	0.569361
-0.268684	8.537368
-3.510258	15.020517
-3.638304	15.276607
-3.853714	15.707428
-0.683112	9.366224
0.589527	6.820947
-3.827477	15.654954
-3.221968	14.443937
-3.855326	15.710652
1.297262	5.405477
-1.614024	11.228048
0.458270	7.083461
-2.082499	12.164997
-1.605529	11.211058
1.229906	5.540188
-0.400140	8.800281
0.049448	7.901105
1.827208	4.345584
-1.824515	11.649030
-3.983469	15.966937
0.683291	6.633418
-1.559373	11.118745
-0.642729	9.285459
0.158944	7.682111
-0.473260	8.946520
-1.937267	11.874533
1.612268	4.775464
-0.722874	9.445747
0.647926	6.704148
2.900046	2.199908
3.962763	0.074473
3.905525	0.188949
1.359969	5.280063
-1.860711	11.721422
1.534654	4.930693
-0.600152	9.200305
0.990431	6.019138
3.618202	0.763595
-3.813850	15.627700
2.298182	3.403635
3.316639	1.366723
-1.294195	10.588390
0.589937	6.820126
-1.160337	10.320675
0.717148	6.565703
1.005957	5.988085
3.651350	0.697300
-2.572399	13.144797
-3.513748	15.027496
-0.923605	9.847210
-1.794973	11.589946
-2.333991	12.667981
2.815809	2.368382
3.260611	1.478778
2.635419	2.729163
-0.122252	8.244503
1.691407	4.617186
-0.877514	9.755029
-3.988410	15.976819
1.340235	5.319529
-2.038774	12.077547
3.603013	0.793974
-0.918354	9.836708
-3.824093	15.648186
3.393000	1.214001
3.006973	1.986053
3.843973	0.312055
-2.907806	13.815611
3.012743	1.974514
3.470498	1.059004
0.817741	6.364517
2.515605	2.968791
3.437295	1.125409
-3.890634	15.781269
-2.496530	12.993059
0.217898	7.564204
3.090781	1.818437
1.746718	4.506564
-0.698807	9.397615
-3.918066	15.836131
1.918073	4.163854
3.620571	0.758859
-1.781237	11.562474
-2.384232	12.768463
2.424312	3.151375
-3.172554	14.345108
2.827167	2.345666
3.497124	1.005751
-0.213465	8.426929
3.761674	0.476653
-1.607764	11.215528
3.601207	0.797586
2.780911	2.438178
3.655869	0.688261
3.673373	0.653255
-2.571452	13.142903
-0.071077	8.142154
1.173414	5.653172
0.257428	7.485145
0.906877	6.186247
2.014278	3.971444
2.774458	2.451084
0.681077	6.637846
1.014652	5.970697
3.313902	1.372196
2.935185	2.129630
2.222533	3.554933
1.576146	4.847708
-2.343357	12.686715
2.063346	3.873308
-1.675161	11.350322
-3.464531	14.929062
-3.962260	15.924519
-1.496680	10.993359
-1.343317	10.686633
1.525279	4.949442
-0.697166	9.394333
-0.688968	9.377936
-3.764374	15.528748
-0.325878	8.651756
0.828790	6.342419
-1.406561	10.813122
3.206779	1.586442
-1.265287	10.530573
-0.404454	8.808909
-2.004035	12.008070
-1.834687	11.669373
-3.717529	15.435057
2.574896	2.850209
-0.405098	8.810195
-2.371771	12.743541
-0.241583	8.483167
-0.872195	9.744390
-3.711242	15.422484
0.118652	7.762697
-2.307079	12.614157
-0.549346	9.098693
-2.298854	12.597708
0.581906	6.836189
2.131203	3.737595
-0.807552	9.615104
3.396101	1.207799
2.657462	2.685077
0.071203	7.857594
-1.793897	11.587793
-0.457756	8.915512
1.418707	5.162586
0.221863	7.556274
2.769209	2.461582
-1.212693	10.425386
0.514515	6.970970
-2.220934	12.441868
2.076982	3.846035
-2.673775	13.347550
-2.928932	13.857865
-3.762405	15.524811
-0.995115	9.990230
-0.410041	8.820081
2.881515	2.236970
3.649110	0.701780
3.363806	1.272388
-2.187776	12.375552
0.977455	6.045089
1.864123	4.271753
-3.868996	15.737992
-1.521520	11.043041
0.867740	6.264521
-1.744651	11.489303
-1.775700	11.551400
-0.359648	8.719295
-0.759781	9.519562
-2.879815	13.759630
-1.274458	10.548916
2.563230	2.873540
-1.776231	11.552462
0.052724	7.894552
3.450554	1.098892
-0.436088	8.872175
3.657407	0.685185
1.418239	5.163523
2.207244	3.585512
-2.761810	13.523619
-0.719343	9.438686
1.749091	4.501818
1.468162	5.063675
2.463195	3.073610
-0.436638	8.873276
-2.460058	12.920116
-3.320081	14.640162
-0.686487	9.372974
2.383400	3.233201
-2.678298	13.356597
1.481413	5.037175
3.907493	0.185014
2.579985	2.840029
-3.669813	15.339626
-3.593658	15.187316
3.756142	0.487716
-1.946752	11.893505
-0.943320	9.886641
-2.832288	13.664576
-0.982251	9.964502
-0.165673	8.331346
0.653806	6.692388
0.669361	6.661278
-2.157217	12.314435
-1.487040	10.974080
1.831913	4.336174
0.855858	6.288284
0.830788	6.338424
-1.358846	10.717693
-0.059185	8.118370
-2.310689	12.621377
-2.774783	13.549565
-3.220223	14.440447
1.512405	4.975191
0.813106	6.373787
1.625622	4.748756
0.851932	6.296137
2.691422	2.617156
3.345023	1.309953
1.952456	4.095089
-3.547460	15.094919
-2.679686	13.359372
-3.228648	14.457296
0.377327	7.245346
0.358644	7.282713
-0.769362	9.538723
3.801213	0.397575
-1.495321	10.990641
1.413975	5.172050
3.561512	0.876977
-2.223091	12.446182
-0.696026	9.392052
-0.021272	8.042544
2.706940	2.586121
0.708629	6.582743
-1.022243	10.044486
-1.413038	10.826077
-2.175633	12.351267
-1.405743	10.811486
1.001341	5.997317
-1.317164	10.634328
2.335557	3.328887
3.712536	0.574928
3.884305	0.231390
-1.898482	11.796964
-2.256544	12.513087
0.826230	6.347539
-2.103710	12.207420
-1.979992	11.959984
0.133215	7.733570
-1.355427	10.710854
3.559341	0.881317
-0.293897	8.587794
1.919544	4.160913
0.837566	6.324869
-0.495321	8.990643
2.146239	3.707522
-3.875548	15.751096
1.067774	5.864452
-2.330660	12.661320
-1.819800	11.639600
0.392055	7.215891
1.884482	4.231036
2.514229	2.971541
-1.894857	11.789713
1.031758	5.936483
2.444482	3.111036
-2.916441	13.832882
-1.616479	11.232957
-1.845889	11.691777
2.397991	3.204017
-1.712834	11.425668
3.344691	1.310618
3.128767	1.742467
3.131800	1.736399
1.873826	4.252348
-3.492351	14.984703
2.078370	3.843261
-0.418593	8.837186
3.300153	1.399694
-2.996939	13.993878
-3.275346	14.550692
-3.797294	15.594588
-0.788968	9.577936
-0.326093	8.652186
0.410158	7.179684
0.030682	7.938635
-2.585967	13.171933
-3.549231	15.098463
1.479870	5.040260
-0.880036	9.760073
0.315547	7.368907
2.049615	3.900770
-1.236316	10.472633
0.942565	6.114871
1.951514	4.096971
-1.568931	11.137862
2.723250	2.553500
-1.907825	11.815650
1.246989	5.506022
1.265024	5.469953
-3.855988	15.711977
-0.768840	9.537680
-2.116748	12.233495
1.253639	5.492723
3.810295	0.379410
-0.090698	8.181397
3.152807	1.694387
2.639601	2.720797
2.155819	3.688361
-2.570314	13.140628
3.164144	1.671712
0.293274	7.413451
1.182974	5.634053
3.905990	0.188020
-1.767410	11.534820
-2.910481	13.820962
-2.602779	13.205558
-1.826649	11.653298
1.665499	4.669003
-1.296034	10.592069
-3.817468	15.634935
-1.364007	10.728014
-3.332781	14.665563
-1.099708	10.199417
1.353773	5.292455
1.724457	4.551086
3.579914	0.840172
3.008272	1.983456
2.115178	3.769645
-0.964509	9.929018
0.951353	6.097294
-3.041471	14.082942
2.641174	2.717651
0.185357	7.629286
