-0.377046	3.155222
0.998517	1.981578
3.918823	125.967821
-0.540544	3.576127
-3.786668	-80.896046
-2.789973	-25.292290
-0.381849	3.187413
-0.036836	2.103026
3.058010	59.383605
3.670645	103.389130
-2.110700	-6.019920
3.848735	119.305065
-2.052622	-4.909130
-2.773816	-24.680850
-0.414568	3.254382
-1.023150	3.971892
1.617683	8.219773
-3.795254	-81.534026
-0.537245	3.595716
-2.644596	-20.053159
1.528336	6.891178
1.668193	9.083557
-1.202890	3.570149
-3.696479	-74.261235
0.691964	1.065839
2.413221	28.676138
3.407945	82.562222
-1.929136	-2.840137
2.223637	22.258088
2.989913	55.442982
3.751894	110.437399
1.666967	9.024740
0.844252	1.373577
-1.787799	-0.874266
-2.347608	-11.320939
3.589581	96.625350
1.110498	2.641060
-0.375419	3.158537
-3.260884	-46.927777
2.701129	40.613558
-2.848087	-27.550191
2.683011	39.766695
-1.684539	0.337510
2.392826	27.936853
-3.178703	-42.608680
-3.863589	-86.826405
1.160272	2.986535
0.477137	1.012455
-0.397212	3.225998
1.332478	4.521675
-0.948387	4.037551
0.401467	1.076173
3.163160	65.815591
-2.545066	-16.861295
2.887411	49.816378
2.190080	21.240357
3.006031	56.347234
-3.132172	-40.273487
3.636655	100.494635
-0.204770	2.616877
1.738152	10.315490
1.623969	8.350075
-1.103272	3.840842
0.748965	1.153982
2.764993	43.628774
0.218963	1.415609
0.199107	1.463233
-3.953465	-94.093016
-3.905996	-90.215457
3.316914	76.042218
0.369074	1.135625
1.460500	5.974304
-2.812105	-26.163084
-2.854983	-27.820891
-0.941450	4.041812
0.379363	1.106401
-3.679049	-73.027780
2.517818	32.724699
3.201539	68.273269
-1.489707	2.073524
0.620901	0.983897
-2.842473	-27.312186
0.902905	1.579315
-0.056107	2.171814
2.711394	41.103938
-0.455957	3.386576
-2.000830	-4.016168
-3.713095	-75.449168
1.405612	5.316369
-2.886298	-29.085821
-0.804258	4.019733
1.975930	15.390668
3.852851	119.682689
-3.765297	-79.276063
3.616118	98.797689
-0.944416	4.046893
-2.694293	-21.783217
1.233197	3.570458
0.445547	1.038505
2.076592	17.992090
-0.050500	2.157836
-2.634932	-19.726883
-1.388295	2.750507
-0.687781	3.904848
3.823498	116.962925
-2.800734	-25.691183
0.781027	1.227974
-3.790393	-81.183040
-2.780482	-24.917459
2.010795	16.262047
-0.546580	3.604904
-2.667916	-20.866968
0.130243	1.626903
3.969574	130.935471
-1.594784	1.221903
-2.851817	-27.689944
-3.801655	-82.038239
2.245386	22.962093
-0.904405	4.062613
-1.599791	1.165382
1.074838	2.392871
2.904496	50.713607
1.500737	6.516345
0.096031	1.705852
-0.662011	3.861732
-1.345670	2.972022
0.875771	1.490811
2.801951	45.437913
-3.299067	-49.029089
-3.265809	-47.197569
2.845300	47.632305
-2.128723	-6.385774
-2.640158	-19.902446
3.091088	61.366122
1.547531	7.160920
1.930093	14.325273
0.350807	1.166968
0.065949	1.809652
0.442273	1.049135
2.675486	39.435654
2.375620	27.344890
0.915604	1.610716
3.574317	95.370813
-1.625356	0.913914
-2.469857	-14.630719
0.600066	0.996728
-1.104059	3.846707
-3.545789	-63.938867
-3.732724	-76.873382
1.448749	5.811882
2.404739	28.389367
-3.596453	-67.310448
2.821865	46.433239
-1.407259	2.634416
-1.316073	3.094569
-1.186317	3.626269
-3.228623	-45.216274
0.997913	1.993042
1.296909	4.163601
0.101606	1.708782
3.302618	75.029797
-1.775533	-0.724158
3.064136	59.734707
0.860522	1.446306
-3.408186	-55.343923
-2.460345	-14.365725
3.199038	68.094299
3.479923	87.971301
3.453983	85.969360
-3.639227	-70.233695
-3.955181	-94.238872
-2.309683	-10.371737
-2.364224	-11.727027
0.453905	1.017256
-0.935039	4.036729
-2.941190	-31.413997
1.814640	11.804779
1.543355	7.106397
0.252763	1.327637
-0.382540	3.187987
-2.486139	-15.098515
-2.886512	-29.119459
-0.392817	3.206085
-3.230582	-45.314177
0.883899	1.510550
-1.410250	2.608256
0.819786	1.318825
-3.059346	-36.723001
-3.643324	-70.510403
-3.528949	-62.851150
0.830593	1.347096
3.552097	93.593123
-3.979578	-96.287220
-3.257454	-46.764044
2.073588	17.921413
1.697913	9.588324
1.738469	10.336090
0.223525	1.394951
-1.563068	1.490087
1.883354	13.262490
0.205770	1.442947
-3.886277	-88.614693
1.030650	2.158371
-1.032942	3.950783
2.946937	53.042632
0.435840	1.053809
0.268280	1.301030
1.230293	3.557874
0.260354	1.315334
-3.780158	-80.381623
-3.247200	-46.206477
0.739543	1.130065
-1.738665	-0.260536
-0.816191	4.021144
-1.857965	-1.790334
-2.359793	-11.633252
1.519539	6.766519
3.804733	115.204240
-1.302523	3.171073
-2.220263	-8.303454
2.683445	39.797648
2.164484	20.487315
-1.195871	3.595963
-3.081097	-37.761842
0.790118	1.249095
-1.831031	-1.435352
-1.788146	-0.866534
3.604672	97.841007
1.317659	4.345600
1.788669	11.269757
1.024583	2.126819
1.962476	15.061468
-1.510332	1.945970
-1.067020	3.897008
2.140780	19.797556
1.852549	12.576330
-0.472605	3.436513
3.565177	94.651749
3.090851	61.344157
3.963351	130.329428
-0.270023	2.847723
-0.302598	2.926991
0.146432	1.581630
1.147477	2.881964
-0.472568	3.422652
0.068694	1.807781
-1.645124	0.732218
-3.030870	-35.395627
-2.166608	-7.141232
-2.188217	-7.588442
-1.798338	-0.991522
3.982371	132.243411
-3.089923	-38.179477
2.104233	18.744809
0.579786	0.966164
-1.205663	3.555081
-3.897383	-89.524898
2.499897	31.968617
-3.294845	-48.793866
3.264852	72.474983
3.823477	116.966811
1.356969	4.764534
-1.164857	3.681153
2.231433	22.493909
-0.657882	3.839685
2.219034	22.116732
-2.314184	-10.494851
3.179700	66.861455
2.545150	33.826633
-2.121601	-6.219406
3.424170	83.743120
3.176993	66.700397
0.570248	0.981398
2.465712	30.670764
0.350142	1.146617
-3.373851	-53.302474
-0.183926	2.582565
-2.012565	-4.205431
3.321435	76.355687
-3.219717	-44.729069
-3.865084	-86.942024
-0.955557	4.043140
2.404363	28.369293
2.825518	46.616900
-1.194019	3.601355
-3.530653	-62.964332
3.974575	131.428334
0.100252	1.710798
3.301257	74.946286
2.197731	21.466885
-3.860195	-86.567626
-1.802912	-1.060685
-0.156626	2.480372
-0.739819	3.949978
-1.473302	2.207953
0.477505	1.022526
-0.505354	3.510718
-1.881661	-2.142176
-0.836477	4.027363
-1.368026	2.861132
-1.968005	-3.471149
-0.592211	3.732176
-3.017472	-34.794692
-1.707846	0.084966
-2.561903	-17.368686
-2.346676	-11.289707
-2.819472	-26.422019
-1.363742	2.880032
0.461628	1.026414
0.062270	1.800261
-3.823355	-83.687476
2.580841	35.294143
-3.742839	-77.644940
3.415488	83.116046
-3.074924	-37.455316
2.014265	16.340861
-0.874999	4.045823
2.850450	47.884022
-1.570670	1.413398
-1.430705	2.498189
-2.764270	-24.298308
1.550809	7.199589
-3.298069	-48.989337
-0.675413	3.879907
1.644371	8.666447
-1.988347	-3.804352
0.339595	1.160653
2.472930	30.938359
-3.083397	-37.885253
-1.950682	-3.184461
3.956143	129.617810
-1.851840	-1.714860
0.683277	1.048584
-0.078392	2.241742
-1.569409	1.461289
-0.533834	3.583283
2.735013	42.197146
-0.153719	2.479337
1.489796	6.375485
-3.245732	-46.132141
3.550615	93.492700
3.884139	122.625886
1.696907	9.562573
3.675655	103.796093
-2.651900	-20.306108
0.823308	1.319209
-2.421677	-13.285722
-1.891568	-2.291008
0.147112	1.577411
-2.408699	-12.910193
-3.766081	-79.353829
3.349099	78.296764
3.341532	77.757187
-2.040472	-4.703337
0.115083	1.674186
-1.033261	3.965572
2.130321	19.492698
1.637575	8.556369
-0.360356	3.119057
0.255367	1.307848
2.059051	17.505568
-0.775060	4.001275
2.100770	18.657856
-0.926407	4.036618
-3.664910	-72.022265
3.743069	109.647316
3.126399	63.506100
-3.560454	-64.906183
-0.969798	4.010853
3.638021	100.605664
-0.939061	4.057026
-2.710279	-22.332051
-3.356956	-52.326646
-3.603215	-67.759434
-3.495063	-60.693391
1.740197	10.358023
-1.079493	3.893032
-3.599075	-67.484032
-0.570088	3.661307
3.480827	88.015196
1.962690	15.092802
-1.245200	3.408903
-1.083463	3.883048
-3.910127	-90.561182
-2.925087	-30.727126
-2.569122	-17.601981
2.743947	42.623202
1.113259	2.650283
-2.722328	-22.773162
-0.234267	2.725974
0.797651	1.237781
2.066997	17.724035
-1.093140	3.868606
1.269792	3.883928
3.052416	59.047893
0.180956	1.490047
3.149941	64.970263
-1.433222	2.465542
-2.186413	-7.571227
3.942322	128.263703
0.095341	1.716686
0.741372	1.144611
-2.156809	-6.942600
1.707934	9.748991
-1.015367	3.982690
-1.591694	1.244455
3.119866	63.093668
-1.367165	2.858993
-2.574261	-17.780030
-0.264126	2.822354
-1.347767	2.970732
2.278339	24.027990
1.378033	5.002077
0.781352	1.228798
-3.271946	-47.539161
0.761449	1.187303
-0.911375	4.038563
-3.320889	-50.270251
-2.893824	-29.403985
3.837901	118.282070
-0.137807	2.431358
3.190739	67.565430
-2.006686	-4.116244
3.540885	92.713020
-1.482189	2.147763
2.385578	27.680804
0.056022	1.824999
1.727289	10.114489
3.076767	60.471853
-3.783835	-80.691650
2.045011	17.144323
-0.099103	2.313006
-0.945991	4.026852
3.705255	106.349001
-3.351266	-51.999321
3.957374	129.703253
0.892441	1.552597
-2.185471	-7.534542
1.847223	12.481166
-1.614513	1.035141
0.587059	1.005566
-0.883449	4.046003
1.976805	15.422186
2.506907	32.255092
-3.525850	-62.654588
-3.169616	-42.146681
2.852136	47.988681
-2.714468	-22.488472
-1.753554	-0.440276
-0.556012	3.636007
-3.507669	-61.493253
-3.018596	-34.843281
3.231734	70.244348
-3.946217	-93.511120
2.513183	32.520553
-0.692499	3.884997
-0.548025	3.601457
1.161619	2.997495
2.494135	31.769622
1.329109	4.468789
3.153293	65.190796
1.723164	10.038509
0.497510	1.001498
-0.993974	4.005782
-1.602780	1.146964
-3.091907	-38.290226
-1.190294	3.638709
-3.729702	-76.667202
3.844912	118.935161
2.122924	19.261402
-3.321644	-50.292960
2.620716	37.004844
-3.626920	-69.377589
-1.466117	2.242777
1.264971	3.858003
-2.985500	-33.334956
2.609842	36.538346
3.899174	124.061621
1.975150	15.388845
-3.877591	-87.944174
3.744430	109.793877
-2.146378	-6.746835
1.090075	2.500302
2.842555	47.496915
1.896962	13.565380
2.246753	22.976857
-2.154282	-6.902978
0.512981	0.998407
-3.586180	-66.629366
1.658790	8.911300
-0.743268	3.956354
-0.620542	3.764953
1.681867	9.289601
-1.905408	-2.497010
-1.696188	0.200044
1.668450	9.050480
3.709372	106.701793
0.987962	1.932489
1.639875	8.559555
1.629424	8.434565
