-2.000000 -3.570277
-1.997999 -3.567540
-1.995998 -3.564861
-1.993997 -3.562242
-1.991996 -3.559679
-1.989995 -3.557175
-1.987994 -3.554726
-1.985993 -3.552334
-1.983992 -3.549998
-1.981991 -3.547716
-1.979990 -3.545488
-1.977989 -3.543315
-1.975988 -3.541194
-1.973987 -3.539126
-1.971986 -3.537109
-1.969985 -3.535144
-1.967984 -3.533229
-1.965983 -3.531365
-1.963982 -3.529549
-1.961981 -3.527783
-1.959980 -3.526064
-1.957979 -3.524393
-1.955978 -3.522768
-1.953977 -3.521190
-1.951976 -3.519656
-1.949975 -3.518168
-1.947974 -3.516724
-1.945973 -3.515323
-1.943972 -3.513965
-1.941971 -3.512648
-1.939970 -3.511374
-1.937969 -3.510139
-1.935968 -3.508945
-1.933967 -3.507790
-1.931966 -3.506674
-1.929965 -3.505595
-1.927964 -3.504554
-1.925963 -3.503549
-1.923962 -3.502580
-1.921961 -3.501646
-1.919960 -3.500746
-1.917959 -3.499880
-1.915958 -3.499047
-1.913957 -3.498246
-1.911956 -3.497476
-1.909955 -3.496737
-1.907954 -3.496028
-1.905953 -3.495349
-1.903952 -3.494697
-1.901951 -3.494074
-1.899950 -3.493478
-1.897949 -3.492907
-1.895948 -3.492363
-1.893947 -3.491843
-1.891946 -3.491347
-1.889945 -3.490875
-1.887944 -3.490425
-1.885943 -3.489997
-1.883942 -3.489589
-1.881941 -3.489202
-1.879940 -3.488835
-1.877939 -3.488486
-1.875938 -3.488156
-1.873937 -3.487842
-1.871936 -3.487545
-1.869935 -3.487264
-1.867934 -3.486998
-1.865933 -3.486746
-1.863932 -3.486507
-1.861931 -3.486281
-1.859930 -3.486066
-1.857929 -3.485863
-1.855928 -3.485670
-1.853927 -3.485487
-1.851926 -3.485312
-1.849925 -3.485146
-1.847924 -3.484986
-1.845923 -3.484833
-1.843922 -3.484686
-1.841921 -3.484544
-1.839920 -3.484405
-1.837919 -3.484270
-1.835918 -3.484138
-1.833917 -3.484008
-1.831916 -3.483878
-1.829915 -3.483749
-1.827914 -3.483619
-1.825913 -3.483489
-1.823912 -3.483356
-1.821911 -3.483220
-1.819910 -3.483080
-1.817909 -3.482937
-1.815908 -3.482788
-1.813907 -3.482633
-1.811906 -3.482472
-1.809905 -3.482303
-1.807904 -3.482126
-1.805903 -3.481940
-1.803902 -3.481745
-1.801901 -3.481539
-1.799900 -3.481322
-1.797899 -3.481092
-1.795898 -3.480851
-1.793897 -3.480595
-1.791896 -3.480326
-1.789895 -3.480041
-1.787894 -3.479741
-1.785893 -3.479424
-1.783892 -3.479090
-1.781891 -3.478739
-1.779890 -3.478368
-1.777889 -3.477978
-1.775888 -3.477568
-1.773887 -3.477138
-1.771886 -3.476685
-1.769885 -3.476210
-1.767884 -3.475713
-1.765883 -3.475191
-1.763882 -3.474645
-1.761881 -3.474074
-1.759880 -3.473477
-1.757879 -3.472853
-1.755878 -3.472203
-1.753877 -3.471524
-1.751876 -3.470816
-1.749875 -3.470079
-1.747874 -3.469312
-1.745873 -3.468514
-1.743872 -3.467685
-1.741871 -3.466823
-1.739870 -3.465929
-1.737869 -3.465002
-1.735868 -3.464040
-1.733867 -3.463043
-1.731866 -3.462011
-1.729865 -3.460943
-1.727864 -3.459838
-1.725863 -3.458696
-1.723862 -3.457516
-1.721861 -3.456296
-1.719860 -3.455038
-1.717859 -3.453740
-1.715858 -3.452401
-1.713857 -3.451021
-1.711856 -3.449599
-1.709855 -3.448135
-1.707854 -3.446628
-1.705853 -3.445077
-1.703852 -3.443482
-1.701851 -3.441842
-1.699850 -3.440156
-1.697849 -3.438425
-1.695848 -3.436648
-1.693847 -3.434823
-1.691846 -3.432950
-1.689845 -3.431029
-1.687844 -3.429060
-1.685843 -3.427041
-1.683842 -3.424972
-1.681841 -3.422853
-1.679840 -3.420683
-1.677839 -3.418462
-1.675838 -3.416188
-1.673837 -3.413862
-1.671836 -3.411483
-1.669835 -3.409051
-1.667834 -3.406565
-1.665833 -3.404024
-1.663832 -3.401428
-1.661831 -3.398777
-1.659830 -3.396070
-1.657829 -3.393306
-1.655828 -3.390486
-1.653827 -3.387608
-1.651826 -3.384673
-1.649825 -3.381680
-1.647824 -3.378628
-1.645823 -3.375517
-1.643822 -3.372347
-1.641821 -3.369117
-1.639820 -3.365826
-1.637819 -3.362475
-1.635818 -3.359063
-1.633817 -3.355590
-1.631816 -3.352055
-1.629815 -3.348458
-1.627814 -3.344798
-1.625813 -3.341075
-1.623812 -3.337290
-1.621811 -3.333440
-1.619810 -3.329527
-1.617809 -3.325550
-1.615808 -3.321508
-1.613807 -3.317402
-1.611806 -3.313230
-1.609805 -3.308993
-1.607804 -3.304690
-1.605803 -3.300321
-1.603802 -3.295886
-1.601801 -3.291385
-1.599800 -3.286816
-1.597799 -3.282181
-1.595798 -3.277478
-1.593797 -3.272708
-1.591796 -3.267871
-1.589795 -3.262965
-1.587794 -3.257991
-1.585793 -3.252949
-1.583792 -3.247838
-1.581791 -3.242659
-1.579790 -3.237410
-1.577789 -3.232093
-1.575788 -3.226706
-1.573787 -3.221250
-1.571786 -3.215724
-1.569785 -3.210129
-1.567784 -3.204464
-1.565783 -3.198729
-1.563782 -3.192923
-1.561781 -3.187048
-1.559780 -3.181102
-1.557779 -3.175087
-1.555778 -3.169000
-1.553777 -3.162843
-1.551776 -3.156616
-1.549775 -3.150318
-1.547774 -3.143949
-1.545773 -3.137510
-1.543772 -3.130999
-1.541771 -3.124418
-1.539770 -3.117767
-1.537769 -3.111044
-1.535768 -3.104251
-1.533767 -3.097386
-1.531766 -3.090452
-1.529765 -3.083446
-1.527764 -3.076369
-1.525763 -3.069222
-1.523762 -3.062005
-1.521761 -3.054716
-1.519760 -3.047358
-1.517759 -3.039928
-1.515758 -3.032429
-1.513757 -3.024859
-1.511756 -3.017219
-1.509755 -3.009509
-1.507754 -3.001729
-1.505753 -2.993880
-1.503752 -2.985960
-1.501751 -2.977971
-1.499750 -2.969913
-1.497749 -2.961786
-1.495748 -2.953589
-1.493747 -2.945324
-1.491746 -2.936990
-1.489745 -2.928587
-1.487744 -2.920116
-1.485743 -2.911577
-1.483742 -2.902971
-1.481741 -2.894296
-1.479740 -2.885554
-1.477739 -2.876745
-1.475738 -2.867869
-1.473737 -2.858927
-1.471736 -2.849918
-1.469735 -2.840842
-1.467734 -2.831701
-1.465733 -2.822495
-1.463732 -2.813223
-1.461731 -2.803886
-1.459730 -2.794485
-1.457729 -2.785019
-1.455728 -2.775489
-1.453727 -2.765896
-1.451726 -2.756239
-1.449725 -2.746519
-1.447724 -2.736737
-1.445723 -2.726892
-1.443722 -2.716986
-1.441721 -2.707018
-1.439720 -2.696989
-1.437719 -2.686900
-1.435718 -2.676750
-1.433717 -2.666540
-1.431716 -2.656271
-1.429715 -2.645943
-1.427714 -2.635556
-1.425713 -2.625111
-1.423712 -2.614608
-1.421711 -2.604048
-1.419710 -2.593432
-1.417709 -2.582759
-1.415708 -2.572030
-1.413707 -2.561246
-1.411706 -2.550408
-1.409705 -2.539515
-1.407704 -2.528568
-1.405703 -2.517568
-1.403702 -2.506515
-1.401701 -2.495409
-1.399700 -2.484253
-1.397699 -2.473044
-1.395698 -2.461786
-1.393697 -2.450477
-1.391696 -2.439119
-1.389695 -2.427712
-1.387694 -2.416256
-1.385693 -2.404753
-1.383692 -2.393203
-1.381691 -2.381606
-1.379690 -2.369963
-1.377689 -2.358275
-1.375688 -2.346542
-1.373687 -2.334765
-1.371686 -2.322944
-1.369685 -2.311080
-1.367684 -2.299175
-1.365683 -2.287227
-1.363682 -2.275239
-1.361681 -2.263211
-1.359680 -2.251143
-1.357679 -2.239036
-1.355678 -2.226890
-1.353677 -2.214707
-1.351676 -2.202487
-1.349675 -2.190231
-1.347674 -2.177940
-1.345673 -2.165613
-1.343672 -2.153253
-1.341671 -2.140859
-1.339670 -2.128432
-1.337669 -2.115974
-1.335668 -2.103484
-1.333667 -2.090964
-1.331666 -2.078413
-1.329665 -2.065834
-1.327664 -2.053227
-1.325663 -2.040592
-1.323662 -2.027930
-1.321661 -2.015242
-1.319660 -2.002529
-1.317659 -1.989791
-1.315658 -1.977030
-1.313657 -1.964246
-1.311656 -1.951439
-1.309655 -1.938611
-1.307654 -1.925763
-1.305653 -1.912895
-1.303652 -1.900007
-1.301651 -1.887102
-1.299650 -1.874179
-1.297649 -1.861239
-1.295648 -1.848283
-1.293647 -1.835313
-1.291646 -1.822328
-1.289645 -1.809330
-1.287644 -1.796319
-1.285643 -1.783297
-1.283642 -1.770264
-1.281641 -1.757220
-1.279640 -1.744168
-1.277639 -1.731107
-1.275638 -1.718038
-1.273637 -1.704963
-1.271636 -1.691882
-1.269635 -1.678795
-1.267634 -1.665705
-1.265633 -1.652611
-1.263632 -1.639515
-1.261631 -1.626417
-1.259630 -1.613318
-1.257629 -1.600219
-1.255628 -1.587121
-1.253627 -1.574025
-1.251626 -1.560932
-1.249625 -1.547842
-1.247624 -1.534756
-1.245623 -1.521676
-1.243622 -1.508602
-1.241621 -1.495534
-1.239620 -1.482475
-1.237619 -1.469424
-1.235618 -1.456383
-1.233617 -1.443352
-1.231616 -1.430333
-1.229615 -1.417325
-1.227614 -1.404331
-1.225613 -1.391350
-1.223612 -1.378385
-1.221611 -1.365435
-1.219610 -1.352501
-1.217609 -1.339585
-1.215608 -1.326688
-1.213607 -1.313809
-1.211606 -1.300951
-1.209605 -1.288113
-1.207604 -1.275297
-1.205603 -1.262504
-1.203602 -1.249734
-1.201601 -1.236988
-1.199600 -1.224268
-1.197599 -1.211574
-1.195598 -1.198907
-1.193597 -1.186267
-1.191596 -1.173657
-1.189595 -1.161076
-1.187594 -1.148525
-1.185593 -1.136006
-1.183592 -1.123518
-1.181591 -1.111064
-1.179590 -1.098643
-1.177589 -1.086258
-1.175588 -1.073907
-1.173587 -1.061594
-1.171586 -1.049317
-1.169585 -1.037078
-1.167584 -1.024879
-1.165583 -1.012719
-1.163582 -1.000600
-1.161581 -0.988522
-1.159580 -0.976486
-1.157579 -0.964494
-1.155578 -0.952545
-1.153577 -0.940641
-1.151576 -0.928783
-1.149575 -0.916971
-1.147574 -0.905206
-1.145573 -0.893489
-1.143572 -0.881821
-1.141571 -0.870203
-1.139570 -0.858634
-1.137569 -0.847118
-1.135568 -0.835653
-1.133567 -0.824240
-1.131566 -0.812882
-1.129565 -0.801578
-1.127564 -0.790328
-1.125563 -0.779135
-1.123562 -0.767998
-1.121561 -0.756919
-1.119560 -0.745898
-1.117559 -0.734936
-1.115558 -0.724033
-1.113557 -0.713191
-1.111556 -0.702410
-1.109555 -0.691691
-1.107554 -0.681034
-1.105553 -0.670441
-1.103552 -0.659912
-1.101551 -0.649448
-1.099550 -0.639049
-1.097549 -0.628716
-1.095548 -0.618450
-1.093547 -0.608252
-1.091546 -0.598122
-1.089545 -0.588061
-1.087544 -0.578069
-1.085543 -0.568148
-1.083542 -0.558298
-1.081541 -0.548519
-1.079540 -0.538813
-1.077539 -0.529179
-1.075538 -0.519619
-1.073537 -0.510133
-1.071536 -0.500722
-1.069535 -0.491387
-1.067534 -0.482127
-1.065533 -0.472944
-1.063532 -0.463838
-1.061531 -0.454810
-1.059530 -0.445861
-1.057529 -0.436990
-1.055528 -0.428199
-1.053527 -0.419489
-1.051526 -0.410858
-1.049525 -0.402310
-1.047524 -0.393843
-1.045523 -0.385458
-1.043522 -0.377156
-1.041521 -0.368937
-1.039520 -0.360803
-1.037519 -0.352753
-1.035518 -0.344787
-1.033517 -0.336908
-1.031516 -0.329114
-1.029515 -0.321406
-1.027514 -0.313785
-1.025513 -0.306252
-1.023512 -0.298806
-1.021511 -0.291449
-1.019510 -0.284180
-1.017509 -0.277000
-1.015508 -0.269909
-1.013507 -0.262909
-1.011506 -0.255999
-1.009505 -0.249179
-1.007504 -0.242451
-1.005503 -0.235814
-1.003502 -0.229269
-1.001501 -0.222817
-0.999500 -0.216456
-0.997499 -0.210189
-0.995498 -0.204015
-0.993497 -0.197934
-0.991496 -0.191948
-0.989495 -0.186056
-0.987494 -0.180258
-0.985493 -0.174555
-0.983492 -0.168947
-0.981491 -0.163434
-0.979490 -0.158017
-0.977489 -0.152696
-0.975488 -0.147472
-0.973487 -0.142343
-0.971486 -0.137311
-0.969485 -0.132377
-0.967484 -0.127539
-0.965483 -0.122798
-0.963482 -0.118155
-0.961481 -0.113609
-0.959480 -0.109162
-0.957479 -0.104812
-0.955478 -0.100561
-0.953477 -0.096408
-0.951476 -0.092353
-0.949475 -0.088397
-0.947474 -0.084539
-0.945473 -0.080781
-0.943472 -0.077121
-0.941471 -0.073560
-0.939470 -0.070099
-0.937469 -0.066736
-0.935468 -0.063473
-0.933467 -0.060309
-0.931466 -0.057245
-0.929465 -0.054279
-0.927464 -0.051414
-0.925463 -0.048647
-0.923462 -0.045980
-0.921461 -0.043413
-0.919460 -0.040945
-0.917459 -0.038576
-0.915458 -0.036307
-0.913457 -0.034136
-0.911456 -0.032066
-0.909455 -0.030094
-0.907454 -0.028222
-0.905453 -0.026448
-0.903452 -0.024774
-0.901451 -0.023198
-0.899450 -0.021722
-0.897449 -0.020343
-0.895448 -0.019064
-0.893447 -0.017883
-0.891446 -0.016800
-0.889445 -0.015815
-0.887444 -0.014928
-0.885443 -0.014139
-0.883442 -0.013447
-0.881441 -0.012853
-0.879440 -0.012356
-0.877439 -0.011955
-0.875438 -0.011652
-0.873437 -0.011445
-0.871436 -0.011334
-0.869435 -0.011320
-0.867434 -0.011401
-0.865433 -0.011577
-0.863432 -0.011849
-0.861431 -0.012216
-0.859430 -0.012677
-0.857429 -0.013233
-0.855428 -0.013882
-0.853427 -0.014626
-0.851426 -0.015462
-0.849425 -0.016392
-0.847424 -0.017414
-0.845423 -0.018529
-0.843422 -0.019735
-0.841421 -0.021033
-0.839420 -0.022422
-0.837419 -0.023902
-0.835418 -0.025472
-0.833417 -0.027132
-0.831416 -0.028881
-0.829415 -0.030720
-0.827414 -0.032647
-0.825413 -0.034662
-0.823412 -0.036765
-0.821411 -0.038955
-0.819410 -0.041232
-0.817409 -0.043595
-0.815408 -0.046044
-0.813407 -0.048579
-0.811406 -0.051198
-0.809405 -0.053901
-0.807404 -0.056688
-0.805403 -0.059558
-0.803402 -0.062510
-0.801401 -0.065545
-0.799400 -0.068661
-0.797399 -0.071858
-0.795398 -0.075136
-0.793397 -0.078493
-0.791396 -0.081929
-0.789395 -0.085444
-0.787394 -0.089037
-0.785393 -0.092707
-0.783392 -0.096454
-0.781391 -0.100277
-0.779390 -0.104176
-0.777389 -0.108149
-0.775388 -0.112196
-0.773387 -0.116317
-0.771386 -0.120510
-0.769385 -0.124776
-0.767384 -0.129113
-0.765383 -0.133521
-0.763382 -0.137998
-0.761381 -0.142545
-0.759380 -0.147161
-0.757379 -0.151845
-0.755378 -0.156595
-0.753377 -0.161413
-0.751376 -0.166295
-0.749375 -0.171243
-0.747374 -0.176255
-0.745373 -0.181330
-0.743372 -0.186468
-0.741371 -0.191668
-0.739370 -0.196929
-0.737369 -0.202250
-0.735368 -0.207630
-0.733367 -0.213070
-0.731366 -0.218567
-0.729365 -0.224121
-0.727364 -0.229732
-0.725363 -0.235398
-0.723362 -0.241119
-0.721361 -0.246893
-0.719360 -0.252720
-0.717359 -0.258600
-0.715358 -0.264530
-0.713357 -0.270511
-0.711356 -0.276542
-0.709355 -0.282621
-0.707354 -0.288748
-0.705353 -0.294922
-0.703352 -0.301142
-0.701351 -0.307407
-0.699350 -0.313717
-0.697349 -0.320070
-0.695348 -0.326465
-0.693347 -0.332902
-0.691346 -0.339379
-0.689345 -0.345896
-0.687344 -0.352452
-0.685343 -0.359046
-0.683342 -0.365677
-0.681341 -0.372344
-0.679340 -0.379046
-0.677339 -0.385783
-0.675338 -0.392552
-0.673337 -0.399354
-0.671336 -0.406187
-0.669335 -0.413051
-0.667334 -0.419944
-0.665333 -0.426866
-0.663332 -0.433815
-0.661331 -0.440791
-0.659330 -0.447792
-0.657329 -0.454818
-0.655328 -0.461868
-0.653327 -0.468941
-0.651326 -0.476035
-0.649325 -0.483150
-0.647324 -0.490285
-0.645323 -0.497439
-0.643322 -0.504610
-0.641321 -0.511799
-0.639320 -0.519003
-0.637319 -0.526223
-0.635318 -0.533456
-0.633317 -0.540702
-0.631316 -0.547960
-0.629315 -0.555229
-0.627314 -0.562508
-0.625313 -0.569796
-0.623312 -0.577091
-0.621311 -0.584394
-0.619310 -0.591703
-0.617309 -0.599017
-0.615308 -0.606334
-0.613307 -0.613655
-0.611306 -0.620978
-0.609305 -0.628301
-0.607304 -0.635625
-0.605303 -0.642947
-0.603302 -0.650268
-0.601301 -0.657586
-0.599300 -0.664899
-0.597299 -0.672208
-0.595298 -0.679510
-0.593297 -0.686806
-0.591296 -0.694093
-0.589295 -0.701372
-0.587294 -0.708640
-0.585293 -0.715898
-0.583292 -0.723143
-0.581291 -0.730376
-0.579290 -0.737595
-0.577289 -0.744799
-0.575288 -0.751986
-0.573287 -0.759157
-0.571286 -0.766310
-0.569285 -0.773445
-0.567284 -0.780559
-0.565283 -0.787652
-0.563282 -0.794724
-0.561281 -0.801773
-0.559280 -0.808798
-0.557279 -0.815799
-0.555278 -0.822774
-0.553277 -0.829722
-0.551276 -0.836643
-0.549275 -0.843535
-0.547274 -0.850397
-0.545273 -0.857229
-0.543272 -0.864030
-0.541271 -0.870799
-0.539270 -0.877534
-0.537269 -0.884235
-0.535268 -0.890901
-0.533267 -0.897530
-0.531266 -0.904123
-0.529265 -0.910678
-0.527264 -0.917194
-0.525263 -0.923670
-0.523262 -0.930105
-0.521261 -0.936499
-0.519260 -0.942851
-0.517259 -0.949159
-0.515258 -0.955423
-0.513257 -0.961642
-0.511256 -0.967815
-0.509255 -0.973940
-0.507254 -0.980019
-0.505253 -0.986048
-0.503252 -0.992028
-0.501251 -0.997957
-0.499250 -1.003836
-0.497249 -1.009662
-0.495248 -1.015436
-0.493247 -1.021155
-0.491246 -1.026820
-0.489245 -1.032430
-0.487244 -1.037984
-0.485243 -1.043480
-0.483242 -1.048919
-0.481241 -1.054299
-0.479240 -1.059620
-0.477239 -1.064880
-0.475238 -1.070080
-0.473237 -1.075218
-0.471236 -1.080293
-0.469235 -1.085305
-0.467234 -1.090253
-0.465233 -1.095136
-0.463232 -1.099954
-0.461231 -1.104705
-0.459230 -1.109389
-0.457229 -1.114006
-0.455228 -1.118554
-0.453227 -1.123033
-0.451226 -1.127443
-0.449225 -1.131782
-0.447224 -1.136049
-0.445223 -1.140245
-0.443222 -1.144368
-0.441221 -1.148418
-0.439220 -1.152394
-0.437219 -1.156296
-0.435218 -1.160122
-0.433217 -1.163873
-0.431216 -1.167547
-0.429215 -1.171145
-0.427214 -1.174665
-0.425213 -1.178106
-0.423212 -1.181469
-0.421211 -1.184752
-0.419210 -1.187956
-0.417209 -1.191079
-0.415208 -1.194121
-0.413207 -1.197081
-0.411206 -1.199959
-0.409205 -1.202755
-0.407204 -1.205467
-0.405203 -1.208096
-0.403202 -1.210641
-0.401201 -1.213100
-0.399200 -1.215475
-0.397199 -1.217764
-0.395198 -1.219967
-0.393197 -1.222083
-0.391196 -1.224112
-0.389195 -1.226054
-0.387194 -1.227908
-0.385193 -1.229674
-0.383192 -1.231351
-0.381191 -1.232939
-0.379190 -1.234437
-0.377189 -1.235846
-0.375188 -1.237164
-0.373187 -1.238391
-0.371186 -1.239528
-0.369185 -1.240573
-0.367184 -1.241527
-0.365183 -1.242389
-0.363182 -1.243158
-0.361181 -1.243835
-0.359180 -1.244419
-0.357179 -1.244910
-0.355178 -1.245308
-0.353177 -1.245611
-0.351176 -1.245821
-0.349175 -1.245937
-0.347174 -1.245958
-0.345173 -1.245884
-0.343172 -1.245716
-0.341171 -1.245453
-0.339170 -1.245094
-0.337169 -1.244640
-0.335168 -1.244090
-0.333167 -1.243445
-0.331166 -1.242703
-0.329165 -1.241866
-0.327164 -1.240932
-0.325163 -1.239902
-0.323162 -1.238776
-0.321161 -1.237553
-0.319160 -1.236233
-0.317159 -1.234817
-0.315158 -1.233303
-0.313157 -1.231694
-0.311156 -1.229987
-0.309155 -1.228183
-0.307154 -1.226282
-0.305153 -1.224285
-0.303152 -1.222190
-0.301151 -1.219998
-0.299150 -1.217710
-0.297149 -1.215324
-0.295148 -1.212842
-0.293147 -1.210263
-0.291146 -1.207587
-0.289145 -1.204814
-0.287144 -1.201944
-0.285143 -1.198978
-0.283142 -1.195916
-0.281141 -1.192757
-0.279140 -1.189502
-0.277139 -1.186151
-0.275138 -1.182704
-0.273137 -1.179160
-0.271136 -1.175522
-0.269135 -1.171787
-0.267134 -1.167958
-0.265133 -1.164033
-0.263132 -1.160013
-0.261131 -1.155899
-0.259130 -1.151690
-0.257129 -1.147387
-0.255128 -1.142990
-0.253127 -1.138499
-0.251126 -1.133914
-0.249125 -1.129236
-0.247124 -1.124465
-0.245123 -1.119602
-0.243122 -1.114646
-0.241121 -1.109598
-0.239120 -1.104458
-0.237119 -1.099227
-0.235118 -1.093905
-0.233117 -1.088492
-0.231116 -1.082988
-0.229115 -1.077395
-0.227114 -1.071712
-0.225113 -1.065940
-0.223112 -1.060079
-0.221111 -1.054129
-0.219110 -1.048091
-0.217109 -1.041966
-0.215108 -1.035754
-0.213107 -1.029455
-0.211106 -1.023070
-0.209105 -1.016599
-0.207104 -1.010042
-0.205103 -1.003401
-0.203102 -0.996675
-0.201101 -0.989866
-0.199100 -0.982973
-0.197099 -0.975998
-0.195098 -0.968940
-0.193097 -0.961800
-0.191096 -0.954580
-0.189095 -0.947278
-0.187094 -0.939897
-0.185093 -0.932436
-0.183092 -0.924896
-0.181091 -0.917278
-0.179090 -0.909582
-0.177089 -0.901809
-0.175088 -0.893959
-0.173087 -0.886033
-0.171086 -0.878033
-0.169085 -0.869957
-0.167084 -0.861808
-0.165083 -0.853585
-0.163082 -0.845290
-0.161081 -0.836922
-0.159080 -0.828484
-0.157079 -0.819974
-0.155078 -0.811395
-0.153077 -0.802747
-0.151076 -0.794030
-0.149075 -0.785245
-0.147074 -0.776393
-0.145073 -0.767475
-0.143072 -0.758491
-0.141071 -0.749442
-0.139070 -0.740330
-0.137069 -0.731154
-0.135068 -0.721915
-0.133067 -0.712614
-0.131066 -0.703253
-0.129065 -0.693831
-0.127064 -0.684350
-0.125063 -0.674810
-0.123062 -0.665212
-0.121061 -0.655558
-0.119060 -0.645847
-0.117059 -0.636081
-0.115058 -0.626260
-0.113057 -0.616385
-0.111056 -0.606458
-0.109055 -0.596478
-0.107054 -0.586448
-0.105053 -0.576367
-0.103052 -0.566236
-0.101051 -0.556057
-0.099050 -0.545831
-0.097049 -0.535557
-0.095048 -0.525238
-0.093047 -0.514874
-0.091046 -0.504465
-0.089045 -0.494013
-0.087044 -0.483519
-0.085043 -0.472983
-0.083042 -0.462407
-0.081041 -0.451792
-0.079040 -0.441137
-0.077039 -0.430445
-0.075038 -0.419717
-0.073037 -0.408952
-0.071036 -0.398152
-0.069035 -0.387319
-0.067034 -0.376452
-0.065033 -0.365553
-0.063032 -0.354623
-0.061031 -0.343663
-0.059030 -0.332674
-0.057029 -0.321657
-0.055028 -0.310612
-0.053027 -0.299541
-0.051026 -0.288445
-0.049025 -0.277324
-0.047024 -0.266180
-0.045023 -0.255013
-0.043022 -0.243826
-0.041021 -0.232617
-0.039020 -0.221390
-0.037019 -0.210143
-0.035018 -0.198880
-0.033017 -0.187600
-0.031016 -0.176304
-0.029015 -0.164995
-0.027014 -0.153671
-0.025013 -0.142335
-0.023012 -0.130988
-0.021011 -0.119631
-0.019010 -0.108264
-0.017009 -0.096888
-0.015008 -0.085505
-0.013007 -0.074116
-0.011006 -0.062721
-0.009005 -0.051322
-0.007004 -0.039920
-0.005003 -0.028515
-0.003002 -0.017109
-0.001001 -0.005703
0.001001 0.005703
0.003002 0.017106
0.005003 0.028505
0.007004 0.039900
0.009005 0.051290
0.011006 0.062673
0.013007 0.074048
0.015008 0.085415
0.017009 0.096772
0.019010 0.108119
0.021011 0.119454
0.023012 0.130776
0.025013 0.142085
0.027014 0.153379
0.029015 0.164658
0.031016 0.175920
0.033017 0.187164
0.035018 0.198389
0.037019 0.209595
0.039020 0.220781
0.041021 0.231944
0.043022 0.243085
0.045023 0.254203
0.047024 0.265295
0.049025 0.276363
0.051026 0.287403
0.053027 0.298416
0.055028 0.309401
0.057029 0.320356
0.059030 0.331280
0.061031 0.342174
0.063032 0.353034
0.065033 0.363862
0.067034 0.374655
0.069035 0.385412
0.071036 0.396134
0.073037 0.406818
0.075038 0.417464
0.077039 0.428071
0.079040 0.438639
0.081041 0.449165
0.083042 0.459649
0.085043 0.470091
0.087044 0.480488
0.089045 0.490842
0.091046 0.501149
0.093047 0.511410
0.095048 0.521624
0.097049 0.531790
0.099050 0.541906
0.101051 0.551973
0.103052 0.561989
0.105053 0.571952
0.107054 0.581863
0.109055 0.591721
0.111056 0.601524
0.113057 0.611272
0.115058 0.620964
0.117059 0.630599
0.119060 0.640177
0.121061 0.649696
0.123062 0.659155
0.125063 0.668554
0.127064 0.677892
0.129065 0.687168
0.131066 0.696382
0.133067 0.705532
0.135068 0.714618
0.137069 0.723639
0.139070 0.732594
0.141071 0.741482
0.143072 0.750303
0.145073 0.759056
0.147074 0.767741
0.149075 0.776356
0.151076 0.784900
0.153077 0.793374
0.155078 0.801776
0.157079 0.810105
0.159080 0.818361
0.161081 0.826544
0.163082 0.834651
0.165083 0.842684
0.167084 0.850641
0.169085 0.858521
0.171086 0.866325
0.173087 0.874050
0.175088 0.881697
0.177089 0.889264
0.179090 0.896752
0.181091 0.904160
0.183092 0.911487
0.185093 0.918732
0.187094 0.925895
0.189095 0.932976
0.191096 0.939973
0.193097 0.946886
0.195098 0.953715
0.197099 0.960459
0.199100 0.967117
0.201101 0.973689
0.203102 0.980175
0.205103 0.986574
0.207104 0.992885
0.209105 0.999109
0.211106 1.005243
0.213107 1.011289
0.215108 1.017245
0.217109 1.023112
0.219110 1.028888
0.221111 1.034573
0.223112 1.040167
0.225113 1.045669
0.227114 1.051080
0.229115 1.056398
0.231116 1.061623
0.233117 1.066754
0.235118 1.071793
0.237119 1.076737
0.239120 1.081587
0.241121 1.086342
0.243122 1.091003
0.245123 1.095568
0.247124 1.100037
0.249125 1.104411
0.251126 1.108688
0.253127 1.112869
0.255128 1.116954
0.257129 1.120941
0.259130 1.124831
0.261131 1.128623
0.263132 1.132318
0.265133 1.135915
0.267134 1.139414
0.269135 1.142814
0.271136 1.146116
0.273137 1.149319
0.275138 1.152423
0.277139 1.155428
0.279140 1.158334
0.281141 1.161141
0.283142 1.163848
0.285143 1.166456
0.287144 1.168964
0.289145 1.171372
0.291146 1.173680
0.293147 1.175889
0.295148 1.177997
0.297149 1.180005
0.299150 1.181914
0.301151 1.183722
0.303152 1.185430
0.305153 1.187037
0.307154 1.188545
0.309155 1.189952
0.311156 1.191260
0.313157 1.192467
0.315158 1.193574
0.317159 1.194581
0.319160 1.195488
0.321161 1.196295
0.323162 1.197002
0.325163 1.197610
0.327164 1.198118
0.329165 1.198526
0.331166 1.198835
0.333167 1.199045
0.335168 1.199155
0.337169 1.199167
0.339170 1.199080
0.341171 1.198894
0.343172 1.198609
0.345173 1.198227
0.347174 1.197746
0.349175 1.197168
0.351176 1.196491
0.353177 1.195718
0.355178 1.194847
0.357179 1.193880
0.359180 1.192815
0.361181 1.191655
0.363182 1.190398
0.365183 1.189046
0.367184 1.187598
0.369185 1.186055
0.371186 1.184417
0.373187 1.182684
0.375188 1.180858
0.377189 1.178937
0.379190 1.176923
0.381191 1.174816
0.383192 1.172617
0.385193 1.170325
0.387194 1.167941
0.389195 1.165465
0.391196 1.162899
0.393197 1.160242
0.395198 1.157494
0.397199 1.154657
0.399200 1.151731
0.401201 1.148716
0.403202 1.145612
0.405203 1.142420
0.407204 1.139141
0.409205 1.135776
0.411206 1.132323
0.413207 1.128785
0.415208 1.125162
0.417209 1.121454
0.419210 1.117661
0.421211 1.113785
0.423212 1.109826
0.425213 1.105784
0.427214 1.101660
0.429215 1.097455
0.431216 1.093169
0.433217 1.088802
0.435218 1.084357
0.437219 1.079832
0.439220 1.075229
0.441221 1.070548
0.443222 1.065790
0.445223 1.060956
0.447224 1.056046
0.449225 1.051060
0.451226 1.046001
0.453227 1.040868
0.455228 1.035661
0.457229 1.030383
0.459230 1.025033
0.461231 1.019611
0.463232 1.014120
0.465233 1.008559
0.467234 1.002930
0.469235 0.997232
0.471236 0.991468
0.473237 0.985636
0.475238 0.979740
0.477239 0.973778
0.479240 0.967752
0.481241 0.961662
0.483242 0.955510
0.485243 0.949296
0.487244 0.943021
0.489245 0.936686
0.491246 0.930292
0.493247 0.923838
0.495248 0.917328
0.497249 0.910760
0.499250 0.904136
0.501251 0.897457
0.503252 0.890723
0.505253 0.883936
0.507254 0.877096
0.509255 0.870204
0.511256 0.863262
0.513257 0.856269
0.515258 0.849227
0.517259 0.842137
0.519260 0.834999
0.521261 0.827814
0.523262 0.820584
0.525263 0.813310
0.527264 0.805991
0.529265 0.798629
0.531266 0.791226
0.533267 0.783781
0.535268 0.776296
0.537269 0.768772
0.539270 0.761209
0.541271 0.753609
0.543272 0.745973
0.545273 0.738301
0.547274 0.730594
0.549275 0.722854
0.551276 0.715081
0.553277 0.707276
0.555278 0.699440
0.557279 0.691575
0.559280 0.683681
0.561281 0.675759
0.563282 0.667810
0.565283 0.659835
0.567284 0.651835
0.569285 0.643811
0.571286 0.635763
0.573287 0.627694
0.575288 0.619604
0.577289 0.611494
0.579290 0.603364
0.581291 0.595217
0.583292 0.587052
0.585293 0.578871
0.587294 0.570675
0.589295 0.562464
0.591296 0.554241
0.593297 0.546005
0.595298 0.537758
0.597299 0.529501
0.599300 0.521235
0.601301 0.512961
0.603302 0.504679
0.605303 0.496391
0.607304 0.488098
0.609305 0.479800
0.611306 0.471500
0.613307 0.463197
0.615308 0.454893
0.617309 0.446589
0.619310 0.438285
0.621311 0.429983
0.623312 0.421684
0.625313 0.413389
0.627314 0.405099
0.629315 0.396814
0.631316 0.388536
0.633317 0.380266
0.635318 0.372004
0.637319 0.363753
0.639320 0.355511
0.641321 0.347282
0.643322 0.339065
0.645323 0.330862
0.647324 0.322674
0.649325 0.314501
0.651326 0.306345
0.653327 0.298206
0.655328 0.290086
0.657329 0.281986
0.659330 0.273906
0.661331 0.265847
0.663332 0.257811
0.665333 0.249799
0.667334 0.241810
0.669335 0.233847
0.671336 0.225911
0.673337 0.218001
0.675338 0.210120
0.677339 0.202267
0.679340 0.194445
0.681341 0.186654
0.683342 0.178895
0.685343 0.171168
0.687344 0.163476
0.689345 0.155818
0.691346 0.148196
0.693347 0.140610
0.695348 0.133061
0.697349 0.125551
0.699350 0.118081
0.701351 0.110650
0.703352 0.103261
0.705353 0.095913
0.707354 0.088609
0.709355 0.081348
0.711356 0.074131
0.713357 0.066960
0.715358 0.059836
0.717359 0.052758
0.719360 0.045729
0.721361 0.038748
0.723362 0.031818
0.725363 0.024938
0.727364 0.018109
0.729365 0.011332
0.731366 0.004609
0.733367 -0.002061
0.735368 -0.008676
0.737369 -0.015235
0.739370 -0.021738
0.741371 -0.028184
0.743372 -0.034572
0.745373 -0.040902
0.747374 -0.047172
0.749375 -0.053382
0.751376 -0.059531
0.753377 -0.065618
0.755378 -0.071643
0.757379 -0.077604
0.759380 -0.083502
0.761381 -0.089335
0.763382 -0.095102
0.765383 -0.100804
0.767384 -0.106438
0.769385 -0.112005
0.771386 -0.117504
0.773387 -0.122934
0.775388 -0.128294
0.777389 -0.133585
0.779390 -0.138804
0.781391 -0.143951
0.783392 -0.149027
0.785393 -0.154029
0.787394 -0.158958
0.789395 -0.163813
0.791396 -0.168594
0.793397 -0.173298
0.795398 -0.177927
0.797399 -0.182480
0.799400 -0.186955
0.801401 -0.191352
0.803402 -0.195671
0.805403 -0.199912
0.807404 -0.204073
0.809405 -0.208154
0.811406 -0.212154
0.813407 -0.216074
0.815408 -0.219911
0.817409 -0.223667
0.819410 -0.227341
0.821411 -0.230931
0.823412 -0.234438
0.825413 -0.237860
0.827414 -0.241198
0.829415 -0.244452
0.831416 -0.247620
0.833417 -0.250702
0.835418 -0.253697
0.837419 -0.256606
0.839420 -0.259428
0.841421 -0.262163
0.843422 -0.264809
0.845423 -0.267367
0.847424 -0.269837
0.849425 -0.272217
0.851426 -0.274508
0.853427 -0.276709
0.855428 -0.278820
0.857429 -0.280841
0.859430 -0.282771
0.861431 -0.284609
0.863432 -0.286356
0.865433 -0.288012
0.867434 -0.289576
0.869435 -0.291047
0.871436 -0.292426
0.873437 -0.293712
0.875438 -0.294904
0.877439 -0.296004
0.879440 -0.297010
0.881441 -0.297922
0.883442 -0.298741
0.885443 -0.299465
0.887444 -0.300095
0.889445 -0.300630
0.891446 -0.301070
0.893447 -0.301416
0.895448 -0.301667
0.897449 -0.301822
0.899450 -0.301882
0.901451 -0.301847
0.903452 -0.301716
0.905453 -0.301490
0.907454 -0.301167
0.909455 -0.300749
0.911456 -0.300235
0.913457 -0.299625
0.915458 -0.298919
0.917459 -0.298116
0.919460 -0.297218
0.921461 -0.296223
0.923462 -0.295132
0.925463 -0.293945
0.927464 -0.292662
0.929465 -0.291282
0.931466 -0.289807
0.933467 -0.288235
0.935468 -0.286567
0.937469 -0.284803
0.939470 -0.282943
0.941471 -0.280987
0.943472 -0.278935
0.945473 -0.276787
0.947474 -0.274543
0.949475 -0.272204
0.951476 -0.269770
0.953477 -0.267240
0.955478 -0.264614
0.957479 -0.261894
0.959480 -0.259079
0.961481 -0.256169
0.963482 -0.253164
0.965483 -0.250065
0.967484 -0.246871
0.969485 -0.243584
0.971486 -0.240202
0.973487 -0.236727
0.975488 -0.233159
0.977489 -0.229497
0.979490 -0.225743
0.981491 -0.221895
0.983492 -0.217956
0.985493 -0.213924
0.987494 -0.209800
0.989495 -0.205584
0.991496 -0.201278
0.993497 -0.196880
0.995498 -0.192391
0.997499 -0.187812
0.999500 -0.183144
1.001501 -0.178385
1.003502 -0.173537
1.005503 -0.168600
1.007504 -0.163574
1.009505 -0.158460
1.011506 -0.153259
1.013507 -0.147969
1.015508 -0.142593
1.017509 -0.137130
1.019510 -0.131580
1.021511 -0.125945
1.023512 -0.120224
1.025513 -0.114419
1.027514 -0.108529
1.029515 -0.102554
1.031516 -0.096496
1.033517 -0.090355
1.035518 -0.084131
1.037519 -0.077825
1.039520 -0.071438
1.041521 -0.064969
1.043522 -0.058419
1.045523 -0.051789
1.047524 -0.045080
1.049525 -0.038291
1.051526 -0.031424
1.053527 -0.024479
1.055528 -0.017456
1.057529 -0.010357
1.059530 -0.003181
1.061531 0.004071
1.063532 0.011398
1.065533 0.018800
1.067534 0.026276
1.069535 0.033825
1.071536 0.041447
1.073537 0.049141
1.075538 0.056906
1.077539 0.064743
1.079540 0.072650
1.081541 0.080627
1.083542 0.088673
1.085543 0.096787
1.087544 0.104969
1.089545 0.113218
1.091546 0.121533
1.093547 0.129914
1.095548 0.138360
1.097549 0.146871
1.099550 0.155445
1.101551 0.164082
1.103552 0.172782
1.105553 0.181543
1.107554 0.190364
1.109555 0.199246
1.111556 0.208188
1.113557 0.217188
1.115558 0.226246
1.117559 0.235361
1.119560 0.244532
1.121561 0.253760
1.123562 0.263042
1.125563 0.272378
1.127564 0.281768
1.129565 0.291211
1.131566 0.300705
1.133567 0.310251
1.135568 0.319847
1.137569 0.329492
1.139570 0.339187
1.141571 0.348929
1.143572 0.358718
1.145573 0.368554
1.147574 0.378436
1.149575 0.388362
1.151576 0.398332
1.153577 0.408345
1.155578 0.418401
1.157579 0.428498
1.159580 0.438636
1.161581 0.448814
1.163582 0.459031
1.165583 0.469286
1.167584 0.479578
1.169585 0.489907
1.171586 0.500272
1.173587 0.510671
1.175588 0.521105
1.177589 0.531572
1.179590 0.542071
1.181591 0.552601
1.183592 0.563162
1.185593 0.573753
1.187594 0.584373
1.189595 0.595021
1.191596 0.605697
1.193597 0.616398
1.195598 0.627125
1.197599 0.637877
1.199600 0.648652
1.201601 0.659450
1.203602 0.670271
1.205603 0.681112
1.207604 0.691974
1.209605 0.702855
1.211606 0.713755
1.213607 0.724673
1.215608 0.735607
1.217609 0.746557
1.219610 0.757522
1.221611 0.768502
1.223612 0.779495
1.225613 0.790500
1.227614 0.801517
1.229615 0.812544
1.231616 0.823582
1.233617 0.834628
1.235618 0.845682
1.237619 0.856744
1.239620 0.867812
1.241621 0.878886
1.243622 0.889964
1.245623 0.901046
1.247624 0.912130
1.249625 0.923217
1.251626 0.934305
1.253627 0.945393
1.255628 0.956481
1.257629 0.967567
1.259630 0.978651
1.261631 0.989732
1.263632 1.000809
1.265633 1.011881
1.267634 1.022947
1.269635 1.034006
1.271636 1.045059
1.273637 1.056103
1.275638 1.067138
1.277639 1.078162
1.279640 1.089177
1.281641 1.100179
1.283642 1.111169
1.285643 1.122146
1.287644 1.133109
1.289645 1.144057
1.291646 1.154989
1.293647 1.165904
1.295648 1.176802
1.297649 1.187682
1.299650 1.198543
1.301651 1.209384
1.303652 1.220204
1.305653 1.231003
1.307654 1.241779
1.309655 1.252533
1.311656 1.263263
1.313657 1.273968
1.315658 1.284648
1.317659 1.295302
1.319660 1.305928
1.321661 1.316527
1.323662 1.327098
1.325663 1.337639
1.327664 1.348150
1.329665 1.358631
1.331666 1.369080
1.333667 1.379497
1.335668 1.389881
1.337669 1.400231
1.339670 1.410546
1.341671 1.420827
1.343672 1.431071
1.345673 1.441279
1.347674 1.451450
1.349675 1.461583
1.351676 1.471676
1.353677 1.481731
1.355678 1.491745
1.357679 1.501719
1.359680 1.511651
1.361681 1.521541
1.363682 1.531388
1.365683 1.541192
1.367684 1.550951
1.369685 1.560666
1.371686 1.570335
1.373687 1.579958
1.375688 1.589535
1.377689 1.599064
1.379690 1.608545
1.381691 1.617978
1.383692 1.627362
1.385693 1.636695
1.387694 1.645979
1.389695 1.655211
1.391696 1.664392
1.393697 1.673521
1.395698 1.682597
1.397699 1.691620
1.399700 1.700589
1.401701 1.709503
1.403702 1.718363
1.405703 1.727167
1.407704 1.735916
1.409705 1.744607
1.411706 1.753242
1.413707 1.761820
1.415708 1.770339
1.417709 1.778800
1.419710 1.787201
1.421711 1.795544
1.423712 1.803826
1.425713 1.812048
1.427714 1.820209
1.429715 1.828309
1.431716 1.836347
1.433717 1.844322
1.435718 1.852235
1.437719 1.860085
1.439720 1.867872
1.441721 1.875595
1.443722 1.883253
1.445723 1.890847
1.447724 1.898375
1.449725 1.905838
1.451726 1.913236
1.453727 1.920567
1.455728 1.927832
1.457729 1.935029
1.459730 1.942160
1.461731 1.949223
1.463732 1.956219
1.465733 1.963146
1.467734 1.970004
1.469735 1.976794
1.471736 1.983515
1.473737 1.990166
1.475738 1.996748
1.477739 2.003260
1.479740 2.009702
1.481741 2.016074
1.483742 2.022375
1.485743 2.028605
1.487744 2.034764
1.489745 2.040851
1.491746 2.046867
1.493747 2.052812
1.495748 2.058684
1.497749 2.064485
1.499750 2.070213
1.501751 2.075869
1.503752 2.081452
1.505753 2.086963
1.507754 2.092401
1.509755 2.097765
1.511756 2.103057
1.513757 2.108275
1.515758 2.113420
1.517759 2.118492
1.519760 2.123490
1.521761 2.128414
1.523762 2.133264
1.525763 2.138041
1.527764 2.142744
1.529765 2.147374
1.531766 2.151929
1.533767 2.156410
1.535768 2.160817
1.537769 2.165151
1.539770 2.169410
1.541771 2.173595
1.543772 2.177707
1.545773 2.181744
1.547774 2.185707
1.549775 2.189597
1.551776 2.193413
1.553777 2.197154
1.555778 2.200822
1.557779 2.204417
1.559780 2.207937
1.561781 2.211384
1.563782 2.214758
1.565783 2.218058
1.567784 2.221285
1.569785 2.224439
1.571786 2.227520
1.573787 2.230528
1.575788 2.233463
1.577789 2.236326
1.579790 2.239116
1.581791 2.241834
1.583792 2.244479
1.585793 2.247053
1.587794 2.249555
1.589795 2.251986
1.591796 2.254345
1.593797 2.256633
1.595798 2.258850
1.597799 2.260996
1.599800 2.263072
1.601801 2.265078
1.603802 2.267014
1.605803 2.268880
1.607804 2.270677
1.609805 2.272404
1.611806 2.274063
1.613807 2.275653
1.615808 2.277174
1.617809 2.278628
1.619810 2.280014
1.621811 2.281332
1.623812 2.282584
1.625813 2.283768
1.627814 2.284887
1.629815 2.285939
1.631816 2.286926
1.633817 2.287847
1.635818 2.288703
1.637819 2.289495
1.639820 2.290222
1.641821 2.290886
1.643822 2.291487
1.645823 2.292024
1.647824 2.292498
1.649825 2.292911
1.651826 2.293262
1.653827 2.293551
1.655828 2.293780
1.657829 2.293948
1.659830 2.294056
1.661831 2.294104
1.663832 2.294093
1.665833 2.294024
1.667834 2.293897
1.669835 2.293712
1.671836 2.293469
1.673837 2.293170
1.675838 2.292815
1.677839 2.292404
1.679840 2.291938
1.681841 2.291418
1.683842 2.290843
1.685843 2.290214
1.687844 2.289533
1.689845 2.288799
1.691846 2.288013
1.693847 2.287176
1.695848 2.286287
1.697849 2.285349
1.699850 2.284361
1.701851 2.283323
1.703852 2.282237
1.705853 2.281103
1.707854 2.279922
1.709855 2.278693
1.711856 2.277419
1.713857 2.276099
1.715858 2.274734
1.717859 2.273324
1.719860 2.271871
1.721861 2.270374
1.723862 2.268836
1.725863 2.267255
1.727864 2.265633
1.729865 2.263970
1.731866 2.262267
1.733867 2.260525
1.735868 2.258745
1.737869 2.256926
1.739870 2.255070
1.741871 2.253178
1.743872 2.251249
1.745873 2.249285
1.747874 2.247287
1.749875 2.245254
1.751876 2.243188
1.753877 2.241090
1.755878 2.238960
1.757879 2.236798
1.759880 2.234606
1.761881 2.232384
1.763882 2.230133
1.765883 2.227854
1.767884 2.225547
1.769885 2.223213
1.771886 2.220853
1.773887 2.218468
1.775888 2.216057
1.777889 2.213623
1.779890 2.211165
1.781891 2.208685
1.783892 2.206182
1.785893 2.203659
1.787894 2.201115
1.789895 2.198552
1.791896 2.195969
1.793897 2.193369
1.795898 2.190751
1.797899 2.188116
1.799900 2.185466
1.801901 2.182800
1.803902 2.180120
1.805903 2.177426
1.807904 2.174719
1.809905 2.172001
1.811906 2.169271
1.813907 2.166530
1.815908 2.163779
1.817909 2.161020
1.819910 2.158252
1.821911 2.155476
1.823912 2.152694
1.825913 2.149905
1.827914 2.147112
1.829915 2.144314
1.831916 2.141512
1.833917 2.138707
1.835918 2.135900
1.837919 2.133092
1.839920 2.130283
1.841921 2.127474
1.843922 2.124667
1.845923 2.121861
1.847924 2.119057
1.849925 2.116257
1.851926 2.113460
1.853927 2.110669
1.855928 2.107883
1.857929 2.105103
1.859930 2.102331
1.861931 2.099566
1.863932 2.096810
1.865933 2.094063
1.867934 2.091327
1.869935 2.088601
1.871936 2.085888
1.873937 2.083186
1.875938 2.080498
1.877939 2.077825
1.879940 2.075165
1.881941 2.072522
1.883942 2.069894
1.885943 2.067284
1.887944 2.064692
1.889945 2.062118
1.891946 2.059563
1.893947 2.057029
1.895948 2.054515
1.897949 2.052023
1.899950 2.049554
1.901951 2.047107
1.903952 2.044684
1.905953 2.042286
1.907954 2.039913
1.909955 2.037566
1.911956 2.035246
1.913957 2.032953
1.915958 2.030689
1.917959 2.028454
1.919960 2.026248
1.921961 2.024072
1.923962 2.021928
1.925963 2.019816
1.927964 2.017736
1.929965 2.015689
1.931966 2.013677
1.933967 2.011699
1.935968 2.009756
1.937969 2.007850
1.939970 2.005980
1.941971 2.004148
1.943972 2.002354
1.945973 2.000598
1.947974 1.998883
1.949975 1.997207
1.951976 1.995572
1.953977 1.993979
1.955978 1.992428
1.957979 1.990920
1.959980 1.989455
1.961981 1.988035
1.963982 1.986659
1.965983 1.985329
1.967984 1.984045
1.969985 1.982808
1.971986 1.981618
1.973987 1.980476
1.975988 1.979382
1.977989 1.978338
1.979990 1.977344
1.981991 1.976400
1.983992 1.975508
1.985993 1.974667
1.987994 1.973878
1.989995 1.973142
1.991996 1.972460
1.993997 1.971832
1.995998 1.971258
1.997999 1.970740
2.000000 1.970277
