0.784116	7.611504
0.542722	6.808748
-0.878496	6.872877
0.189237	5.606861
2.462572	7.552523
1.574842	9.758271
0.665264	7.219751
1.984686	9.826284
0.347796	6.145026
1.824493	9.959949
-0.632577	4.743005
0.630656	7.104343
-2.059892	100.353964
-0.629792	4.730225
-1.391453	22.860913
1.634409	9.842737
-0.747743	5.470360
-1.407253	23.751459
1.633229	9.841257
-1.198727	14.271952
-1.124936	11.929138
0.445721	6.479435
-0.731365	5.341187
2.370903	8.251252
-1.631808	40.286978
-1.427984	24.968591
-1.044973	9.867544
-1.017690	9.265235
-2.313601	162.720602
-1.183793	13.760644
-2.449663	207.602092
1.136499	8.712377
-0.481925	4.312354
0.529749	6.764879
1.441248	9.506003
-2.429570	200.395449
0.689773	7.301137
-0.557404	4.465912
-2.247093	143.901680
-0.390711	4.260206
2.339799	8.457195
0.892209	7.960601
-1.821211	61.292879
0.628385	7.096748
-0.701012	5.125597
1.339943	9.268969
0.404284	6.338051
0.274752	5.895825
1.062340	8.491181
-0.224274	4.436355
1.376223	9.357652
2.439945	7.738004
1.195542	8.882540
-1.875897	68.861944
1.721956	9.928402
-0.328268	4.291671
-0.889133	7.019637
1.060889	8.486781
-0.508331	4.353410
-1.674548	44.386181
2.092942	9.583191
2.312255	8.626841
0.569830	6.900211
1.469390	9.565477
-2.163306	122.795984
0.901650	7.990709
-0.409681	4.260660
-1.956448	81.435670
-0.475914	4.304770
1.453149	9.531525
-1.261308	16.637371
2.029580	9.741879
-1.374719	21.951609
0.515355	6.716136
-0.977611	8.465040
-1.707715	47.810444
1.819782	9.960321
-0.585073	4.552146
-1.420084	24.498173
-2.276043	151.858221
0.948730	8.139813
-0.350803	4.274837
1.275209	9.101714
0.780499	7.599697
-0.541540	4.424108
1.796160	9.959424
-0.972051	8.361607
-1.723790	49.550132
1.133842	8.704587
-2.026611	93.904558
1.173681	8.820225
1.035060	8.408049
1.474886	9.576729
-0.994269	8.785801
2.033925	9.732507
-1.672322	44.164074
-2.466261	213.715809
-1.841397	64.000457
-1.010106	9.106257
1.627228	9.833604
-2.291064	156.128152
0.642232	7.143008
0.576070	6.921222
-1.680091	44.943339
0.553666	6.845707
-1.502235	29.808766
0.216404	5.698138
-1.153759	12.790473
-0.956738	8.085886
1.212545	8.930404
1.629902	9.837041
1.811835	9.960529
2.007735	9.785746
-0.104043	4.707169
-2.423095	198.117765
0.127808	5.403213
-1.706624	47.694312
1.420876	9.461097
-0.739463	5.403897
1.930434	9.899443
-2.136737	116.667042
1.156485	8.770627
0.365476	6.205447
0.848709	7.821040
1.209134	8.920845
1.894712	9.931460
2.122339	9.492905
-1.536363	32.303769
-1.839918	63.798758
0.202447	5.651170
-2.497513	225.630419
2.348005	8.404354
-0.058833	4.829227
0.939249	8.109932
-1.059008	10.196554
-1.695175	46.490012
0.097804	5.305598
1.917686	9.912293
0.213092	5.686981
2.365695	8.286812
1.789504	9.958356
0.332766	6.093672
1.787894	9.958045
0.010182	5.030699
0.685382	7.286577
2.447059	7.680623
-0.936219	7.736874
-2.347657	173.118224
0.102816	5.321802
0.650683	7.171194
-1.772785	55.190302
0.115279	5.362278
0.638007	7.128903
1.747397	9.943650
-2.195997	130.701742
0.557046	6.857110
-2.175196	125.624026
-2.089966	106.495666
0.409609	6.356235
0.299232	5.979209
1.753876	9.946784
-0.860803	6.640561
0.653681	7.181188
-0.172015	4.542937
-2.410823	193.859148
0.907671	8.009877
0.158222	5.503492
-2.341902	171.323376
-0.416625	4.262103
-1.968508	83.474402
-1.741338	51.510793
0.641137	7.139354
-2.497614	225.669512
-1.851818	65.437435
2.009568	9.782272
-1.903539	72.978361
2.485629	7.354564
0.020872	5.063246
-1.497099	29.448612
-2.278942	152.674744
0.523026	6.742120
1.899918	9.927559
0.108249	5.339417
1.914436	9.915313
-1.144463	12.505401
2.069218	9.648227
0.046338	5.141996
-2.489284	222.441275
-1.825638	61.878200
-0.954726	8.050642
2.130861	9.464678
-1.383516	22.425318
-1.743722	51.782118
2.386729	8.140510
0.960706	8.177447
-1.957849	81.670403
-1.503690	29.911562
0.026215	5.079631
-1.012759	9.161460
0.666019	7.222262
-1.912683	74.384784
2.369798	8.258832
-0.986774	8.639445
-1.653906	42.363460
1.810840	9.960518
0.236931	5.767469
-2.334209	168.948532
2.270642	8.861047
-1.692436	46.205777
-1.131464	12.118421
-1.563863	34.447146
2.316510	8.601403
1.038180	8.417599
1.189226	8.864624
0.132257	5.417805
-1.385633	22.540718
2.326967	8.537699
1.315936	9.208215
1.107626	8.627155
0.760486	7.534225
1.798518	9.959717
-1.161973	13.048263
2.203284	9.185947
-1.679561	44.889769
1.924971	9.905146
-2.182475	127.381954
-2.135177	116.315244
-1.128757	12.039515
1.587216	9.777400
2.281003	8.805180
-0.191309	4.501365
-2.114880	111.817736
0.122850	5.386988
-1.337615	20.055210
-1.013219	9.171084
-2.297890	158.101077
1.675583	9.889134
0.153208	5.486879
1.449408	9.523560
0.596162	6.988773
-0.478407	4.307838
0.360523	6.188521
2.154465	9.381558
0.594495	6.983176
1.088689	8.570622
-0.839235	6.376586
-1.966657	83.158608
0.014094	5.042574
-0.422143	4.263752
0.451581	6.499403
-1.697932	46.777574
-0.749552	5.485199
1.017579	8.354338
-2.228644	139.013887
-1.626567	39.807700
-0.656133	4.859492
1.474953	9.576865
-0.697506	5.102608
-0.990585	8.713449
-0.491236	4.325369
0.431262	6.430136
-1.089485	10.958054
0.024606	5.074689
-0.764632	5.613472
1.359934	9.318320
-0.253538	4.385682
1.997734	9.804051
-2.224449	137.922048
1.572505	9.754568
2.298241	8.708648
-0.390006	4.260285
-1.202259	14.395766
1.638843	9.848226
0.594199	6.982182
-1.358168	21.085641
1.576865	9.761452
-0.644304	4.799094
-0.127262	4.648211
1.336553	9.260487
-1.756497	53.257425
-0.989041	8.683355
-1.707060	47.740752
-2.271957	150.713728
-0.975075	8.417642
-1.201730	14.377141
-1.712559	48.329037
1.666883	9.880201
2.285819	8.778659
-2.170268	124.445387
-1.947787	79.997548
0.025601	5.077744
0.194530	5.624597
1.515066	9.655163
-1.024132	9.403113
-0.620364	4.688482
-1.092471	11.036237
1.580338	9.766865
-0.548810	4.442598
1.286881	9.132657
-0.431712	4.267693
-1.039699	9.747320
1.974203	9.842818
1.833630	9.958695
-1.079168	10.692918
-0.914544	7.392673
-0.210394	4.462757
1.449774	9.524343
1.769839	9.953170
1.995805	9.807455
-2.055224	99.427786
1.195724	8.883056
-1.127665	12.007872
0.167097	5.532967
-1.022832	9.375059
0.468688	6.557651
0.203032	5.653135
0.186203	5.596706
-1.897851	72.114887
1.468842	9.564348
-2.148387	119.322322
-0.231275	4.423600
0.811983	7.702221
1.272567	9.094667
-2.451466	208.259369
1.099232	8.602156
0.275905	5.899749
1.834035	9.958623
-0.113640	4.682468
-0.037598	4.889465
-0.898393	7.151865
-0.335636	4.285525
1.185666	8.854493
-0.920839	7.490110
1.261685	9.065465
1.402127	9.418472
-1.894711	71.641767
0.576058	6.921181
0.377524	6.246623
-2.307605	160.944508
-1.882561	69.836021
-0.889042	7.018355
2.401310	8.034870
-1.739062	51.252726
-1.935993	78.073569
-1.106428	11.410366
-1.386957	22.613227
-1.561371	34.247936
-1.569865	34.931344
2.116079	9.513046
-1.745661	52.003832
-0.568265	4.497696
-0.110001	4.691780
-1.044543	9.857666
-1.518559	30.979905
1.739241	9.939267
-0.723113	5.279577
-1.086610	10.883391
-0.423685	4.264294
1.289118	9.138549
2.332665	8.502268
0.596501	6.989911
1.951854	9.874193
1.248346	9.029308
-1.387094	22.620716
0.979001	8.234687
2.342535	8.439693
1.713057	9.921990
0.131860	5.416503
1.056099	8.472239
0.681533	7.273807
1.156383	8.770331
-0.513213	4.362433
1.242593	9.013594
0.525080	6.749075
2.185087	9.262667
-1.563289	34.401197
2.082414	9.612901
-0.013759	4.959012
1.758328	9.948758
-0.422331	4.263816
1.493804	9.614515
1.041760	8.428545
-1.714234	48.509541
-0.384931	4.261051
-1.764213	54.165754
-1.828761	62.293962
-2.171091	124.641685
0.549226	6.830718
-0.475710	4.304525
-0.946845	7.914737
1.947007	9.880314
-1.942626	79.150732
0.337789	6.110833
-0.206913	4.469604
-1.802514	58.872201
0.480122	6.596543
-1.581989	35.927592
-2.405297	191.966397
2.354124	8.364258
-1.261414	16.641702
0.362525	6.195362
-0.374664	4.263641
1.482098	9.591307
-0.439021	4.271648
-0.314804	4.304447
0.845921	7.812052
0.016492	5.049873
-0.587050	4.558983
1.659116	9.871825
-1.920696	75.635903
-0.825497	6.219049
1.110395	8.635381
-0.464534	4.292135
-2.125355	114.120261
-1.219376	15.011834
-1.832056	62.735196
2.021193	9.759359
1.252581	9.040831
0.131505	5.415339
0.299983	5.981771
-1.092092	11.026282
0.446776	6.483032
-0.791308	5.860990
-1.977022	84.939023
-1.703024	47.312818
2.276271	8.830895
-1.678889	44.821962
-1.458743	26.879920
-1.060568	10.233958
-1.523250	31.323946
2.403305	8.020148
-0.054080	4.842559
2.135040	9.450494
-0.817510	6.131133
-1.381886	22.336811
2.494141	7.279184
2.036523	9.726801
1.284240	9.125684
-2.339164	170.475099
2.312122	8.627631
0.910763	8.019708
-1.161804	13.042908
0.210807	5.679284
-0.547600	4.439441
-0.976552	8.445211
-2.161103	122.277923
-1.181879	13.696521
2.345681	8.419427
1.861611	9.950373
1.467205	9.560970
2.017000	9.767799
-1.920209	75.559409
-0.124616	4.654790
-2.183066	127.525561
-2.091951	106.911786
0.301325	5.986347
-0.302340	4.317994
1.780536	9.956364
1.642897	9.853143
-1.131254	12.112286
-0.807617	6.025883
1.689111	9.902063
-0.628822	4.725822
-2.481690	219.531327
-0.320063	4.299223
-2.268159	149.656310
-0.755124	5.531642
2.467347	7.512279
1.308341	9.188670
-1.694516	46.421431
-1.586088	36.270007
-2.037684	96.010761
0.570499	6.902462
-2.060648	100.504697
1.283853	9.124662
-1.489578	28.928181
0.632284	7.109784
-1.299956	18.290761
-0.122970	4.658901
2.093484	9.581622
-1.150545	12.691102
-0.112071	4.686477
-1.233120	15.526058
0.135355	5.427983
-2.265762	148.992088
1.586130	9.775754
0.906905	8.007440
-1.220196	15.042012
-0.994861	8.797516
-0.081400	4.767179
-0.107989	4.696959
0.608159	7.029029
1.583183	9.771254
0.173332	5.553726
-0.501408	4.341396
1.186805	8.857738
-1.714840	48.575003
2.028270	9.744662
-0.044086	4.870879
-2.140912	117.612892
-2.091506	106.818379
1.879932	9.941150
1.609467	9.809748
2.220572	9.108778
0.662180	7.209491
-0.681369	5.001704
0.704625	7.350309
-2.327413	166.873172
-0.906361	7.269018
0.940694	8.114492
-0.466819	4.294494
-0.572226	4.509946
-0.397456	4.259794
-1.397476	23.196661
-0.118323	4.670583
0.738778	7.462953
-1.938005	78.398996
-2.263469	148.359059
-1.390636	22.815726
-0.702590	5.136067
-2.415442	195.452900
1.418633	9.456062
0.666596	7.224181
1.086594	8.564337
0.521774	6.737882
1.424046	9.468184
-2.412750	194.522635
-1.973707	84.366215
1.675244	9.888795
2.380156	8.186994
-0.626195	4.714024
-1.477729	28.125021
1.031142	8.396039
-2.196133	130.735557
2.414017	7.939968
-0.834173	6.317605
1.630809	9.838196
-1.246889	16.059264
-2.291455	156.240680
2.443739	7.707509
-2.020200	92.702868
-0.495250	4.331465
-0.742357	5.426849
0.646432	7.157021
1.839694	9.957470
1.064458	8.497600
0.723146	7.411471
-0.781762	5.769316
-0.240820	4.406842
0.353111	6.163189
0.841218	7.796876
-0.024663	4.926961
-0.853385	6.547426
-0.319678	4.299594
-1.764480	54.197413
1.451635	9.528307
2.408933	7.978257
0.406066	6.344134
1.839172	9.957588
-1.675773	44.508746
2.046280	9.704668
-2.042035	96.849177
-0.097356	4.724642
1.345727	9.283368
0.549810	6.832689
2.174814	9.303966
1.230307	8.979803
1.265054	9.074535
1.104581	8.618100
-0.082740	4.763561
0.791074	7.634201
-1.703941	47.409697
-2.388218	186.213074
-1.484434	28.576978
-2.387556	185.992994
-0.614686	4.664453
2.131981	9.460901
-1.499222	29.596976
-0.511577	4.359357
0.982700	8.246222
1.000753	8.302334
-1.906265	73.395256
-1.910475	74.043159
-0.668805	4.928579
0.090083	5.280720
-0.566191	4.491425
-0.434488	4.269098
0.965242	8.191667
-1.141145	12.405334
0.105629	5.330917
1.876625	9.943041
2.182262	9.274170
1.875073	9.943894
-1.358703	21.113158
1.898893	9.928348
-2.173408	125.195446
0.531078	6.769376
1.970385	9.848548
-1.305851	18.556685
0.375200	6.238683
