-2.762046	7.628900
1.412893	1.996268
2.471453	6.108082
1.509435	2.278395
-2.873245	8.255537
-0.037327	0.001393
-1.283427	1.647184
-0.576599	0.332466
-1.907151	3.637226
-1.247620	1.556556
-1.945531	3.785090
1.011906	1.023953
-0.248566	0.061785
0.999081	0.998164
1.067146	1.138801
-2.267841	5.143103
1.426613	2.035225
-1.406459	1.978127
1.707329	2.914972
1.084865	1.176932
-1.801755	3.246320
-2.864868	8.207470
1.580345	2.497490
-0.824431	0.679686
-2.698611	7.282503
-1.468404	2.156210
-2.107578	4.441884
-0.801703	0.642727
-1.491996	2.226053
-0.267467	0.071539
1.417151	2.008317
-0.854287	0.729806
1.046929	1.096060
-2.730478	7.455509
-1.010238	1.020580
1.044703	1.091404
-2.215003	4.906240
-0.201680	0.040675
1.332498	1.775550
-2.867699	8.223697
-0.644217	0.415016
-2.406816	5.792764
-1.679896	2.822050
2.414465	5.829643
0.708207	0.501557
-0.441658	0.195062
-0.868602	0.754470
-0.848226	0.719488
0.208586	0.043508
-1.274322	1.623896
-1.521216	2.314097
0.820736	0.673607
0.207160	0.042915
1.054219	1.111379
-0.426261	0.181699
-1.942045	3.771540
-2.090967	4.372142
-1.318044	1.737240
0.498933	0.248934
2.442451	5.965565
-1.833480	3.361650
-0.479774	0.230183
-2.338634	5.469209
-0.274676	0.075447
0.066773	0.004459
-1.515004	2.295237
0.249547	0.062274
-2.433891	5.923823
-1.347320	1.815271
-0.353780	0.125160
1.174124	1.378568
-2.144794	4.600141
0.635039	0.403275
1.495107	2.235346
-1.049076	1.100561
2.805112	7.868656
1.506170	2.268549
1.786639	3.192077
0.215514	0.046446
0.604881	0.365882
-0.386453	0.149346
-2.502086	6.260436
-0.036751	0.001351
-2.861751	8.189619
2.571332	6.611746
-0.305434	0.093290
-2.347900	5.512637
2.742429	7.520918
2.774203	7.696202
1.190224	1.416632
-1.686803	2.845304
1.877395	3.524611
-2.030759	4.123982
1.155367	1.334873
-1.388289	1.927346
1.644829	2.705463
-0.043200	0.001866
0.619080	0.383260
-0.528227	0.279024
2.072737	4.296239
-2.261554	5.114626
-2.941140	8.650302
2.261788	5.115684
-0.839727	0.705141
0.966556	0.934231
-0.641503	0.411527
-2.655815	7.053353
0.123153	0.015167
-0.262874	0.069103
-0.638312	0.407442
2.213530	4.899714
-1.912727	3.658524
-1.310534	1.717499
1.214406	1.474781
-1.953352	3.815585
-1.364549	1.861995
-2.868900	8.230588
1.462648	2.139340
-2.881191	8.301261
-1.540963	2.374568
-2.770500	7.675672
2.063060	4.256215
-0.483876	0.234136
2.055057	4.223260
-2.500490	6.252452
1.079364	1.165028
-1.869847	3.496329
2.511435	6.307308
-0.956912	0.915681
-2.613794	6.831918
-2.782482	7.742206
-0.887074	0.786900
2.208245	4.876347
1.341469	1.799538
-0.201116	0.040448
0.354595	0.125738
-0.383830	0.147326
1.593737	2.539998
-0.804060	0.646513
1.384302	1.916293
-1.612277	2.599438
-1.116863	1.247383
0.231233	0.053469
1.475675	2.177616
-2.638594	6.962180
-2.929080	8.579510
0.550863	0.303450
1.500577	2.251732
0.945591	0.894142
1.240092	1.537827
0.366206	0.134107
2.395340	5.737652
0.313591	0.098339
2.129893	4.536444
-2.175028	4.730745
-2.792428	7.797652
2.372779	5.630080
-0.977302	0.955119
-0.704256	0.495977
-2.291213	5.249655
-2.538384	6.443395
-0.426943	0.182281
0.345768	0.119555
-1.822069	3.319935
0.693842	0.481416
-1.858237	3.453044
-0.330489	0.109223
-1.568743	2.460956
0.984890	0.970009
-2.440646	5.956752
2.353695	5.539881
-2.591517	6.715962
1.910362	3.649483
-2.705174	7.317964
0.029284	0.000858
-0.638114	0.407189
-2.483564	6.168090
2.803526	7.859760
2.395557	5.738691
2.174388	4.727963
-2.311573	5.343371
-0.868294	0.753934
-2.989952	8.939812
1.618668	2.620086
0.865905	0.749792
1.654116	2.736101
-0.656254	0.430670
-1.307652	1.709955
-1.260101	1.587855
-1.430652	2.046764
2.875610	8.269134
0.292655	0.085647
-0.365038	0.133253
0.459258	0.210917
2.683245	7.199806
-1.901682	3.616393
0.471116	0.221951
-1.008243	1.016554
2.853307	8.141360
1.293125	1.672172
-0.086663	0.007510
0.795677	0.633102
-1.732110	3.000205
0.806527	0.650485
0.157141	0.024693
-2.182621	4.763835
-2.206476	4.868535
1.580735	2.498723
0.431972	0.186600
1.246828	1.554580
2.856143	8.157555
0.666177	0.443792
-2.146381	4.606951
-2.633456	6.935093
-2.787684	7.771179
2.209463	4.881727
1.700884	2.893007
-1.297688	1.683993
1.270321	1.613714
-0.831181	0.690862
0.059930	0.003592
1.935891	3.747674
1.600516	2.561651
1.932896	3.736086
0.597124	0.356557
2.495695	6.228493
0.577795	0.333848
1.922815	3.697216
-1.992091	3.968426
1.941358	3.768870
0.105972	0.011230
1.241948	1.542435
0.995766	0.991549
2.381868	5.673293
-1.530432	2.342222
2.005973	4.023927
1.968467	3.874863
0.171238	0.029323
0.813033	0.661022
1.597572	2.552237
-0.846406	0.716402
2.846355	8.101738
-2.233769	4.989726
-2.626927	6.900744
-0.953094	0.908389
0.405172	0.164164
-1.840702	3.388184
-2.124483	4.513429
2.287265	5.231583
-1.030405	1.061734
0.054386	0.002958
1.431564	2.049375
0.815365	0.664820
0.460341	0.211914
-2.961960	8.773205
2.791817	7.794243
0.719220	0.517278
2.137740	4.569931
0.487474	0.237630
0.240093	0.057645
-0.044820	0.002009
-0.045598	0.002079
-2.182000	4.761122
-2.338681	5.469428
1.539022	2.368590
2.104574	4.429230
-0.698248	0.487550
-1.048972	1.100343
-1.501028	2.253086
-2.712921	7.359941
1.380754	1.906481
0.490996	0.241077
0.461881	0.213334
-1.477700	2.183597
-1.398180	1.954909
-1.809299	3.273564
-2.641034	6.975060
-0.394127	0.155336
0.950929	0.904266
2.576237	6.636998
-2.376062	5.645670
-0.248653	0.061828
0.355960	0.126708
0.080162	0.006426
-2.172091	4.717980
0.010116	0.000102
1.325778	1.757688
-0.100221	0.010044
-1.250298	1.563244
0.524737	0.275349
-2.022174	4.089189
2.876182	8.272421
-2.940718	8.647821
1.999538	3.998152
-0.056918	0.003240
-0.041899	0.001756
1.045315	1.092684
-1.907324	3.637884
2.928144	8.574025
-1.134391	1.286842
-1.926675	3.712076
-2.736872	7.490470
-1.291230	1.667276
-1.615419	2.609580
2.383120	5.679259
0.951611	0.905563
1.214151	1.474163
-2.505093	6.275491
-0.492470	0.242527
-1.925230	3.706512
-0.355608	0.126457
0.349707	0.122295
-2.165856	4.690933
1.352837	1.830168
-2.637393	6.955840
0.600718	0.360862
0.899855	0.809739
2.309353	5.333110
-2.369646	5.615224
2.125726	4.518711
-0.557695	0.311023
-0.132261	0.017493
-0.808444	0.653582
-2.574762	6.629400
1.165591	1.358601
-2.699139	7.285353
-0.718728	0.516570
-2.894303	8.376988
-1.196332	1.431209
-2.013653	4.054798
-0.856018	0.732767
2.806477	7.876311
-2.372201	5.627338
0.775651	0.601635
-1.898551	3.604496
1.485622	2.207073
-0.595530	0.354655
2.908077	8.456912
0.401436	0.161151
0.809192	0.654791
-2.723178	7.415700
2.353533	5.539116
1.973364	3.894167
2.018629	4.074862
-2.955710	8.736223
0.074743	0.005586
2.229874	4.972337
-2.709639	7.342143
2.273723	5.169815
-2.843765	8.086997
1.267038	1.605386
-2.370869	5.621022
0.578459	0.334615
2.007342	4.029421
2.014987	4.060171
-1.501483	2.254453
2.335076	5.452578
0.625547	0.391309
0.459920	0.211527
1.837573	3.376676
-0.815196	0.664544
-2.469491	6.098386
-1.663422	2.766974
2.616031	6.843619
2.407122	5.794234
0.415590	0.172715
0.005366	0.000029
1.318620	1.738758
-2.518183	6.341246
-0.054442	0.002964
0.814645	0.663647
2.049427	4.200153
0.531070	0.282036
2.222448	4.939275
2.407294	5.795065
-2.616574	6.846459
2.885509	8.326161
-0.020211	0.000408
1.072174	1.149557
-2.261796	5.115721
-1.236399	1.528681
1.007392	1.014838
0.188199	0.035419
-0.458014	0.209777
-2.067838	4.275955
0.096981	0.009405
-0.980292	0.960973
1.955797	3.825142
-0.037511	0.001407
-1.798019	3.232873
-2.862570	8.194305
0.039059	0.001526
0.353057	0.124649
0.120310	0.014474
-0.457893	0.209666
0.340498	0.115939
-1.383608	1.914372
-0.073762	0.005441
1.883963	3.549315
-0.067152	0.004509
1.935991	3.748060
-0.257734	0.066427
-2.399941	5.759717
2.729668	7.451088
1.666535	2.777340
-0.939585	0.882820
1.865323	3.479429
1.730820	2.995738
1.139578	1.298639
-2.899745	8.408523
-2.524549	6.373347
-1.396570	1.950408
-1.842378	3.394356
1.446445	2.092203
-2.411779	5.816677
1.468660	2.156963
-1.207968	1.459185
0.125107	0.015652
0.979440	0.959302
-0.396980	0.157593
2.109523	4.450089
0.862004	0.743051
-1.614613	2.606974
-2.573531	6.623059
-1.329836	1.768463
2.287347	5.231958
2.527351	6.387503
-0.390575	0.152549
-1.449647	2.101476
-1.613932	2.604777
-1.419945	2.016245
2.710216	7.345271
-0.737385	0.543737
-1.972999	3.892725
-0.141882	0.020130
-0.199458	0.039783
2.725254	7.427008
-0.049129	0.002414
1.626107	2.644224
1.996872	3.987500
0.182560	0.033328
2.531969	6.410868
1.560757	2.435963
-0.054046	0.002921
0.685262	0.469585
-0.536845	0.288202
-0.406532	0.165268
-1.735551	3.012136
0.080535	0.006486
-0.823789	0.678628
2.010587	4.042462
2.509426	6.297218
1.114179	1.241395
-2.067340	4.273895
-0.164677	0.027118
0.696533	0.485158
1.925929	3.709202
-0.980014	0.960427
1.629846	2.656397
-2.918878	8.519851
-2.950805	8.707251
-0.117994	0.013922
0.029003	0.000841
1.864174	3.475146
-2.291736	5.252052
0.620537	0.385066
1.843600	3.398861
-1.906437	3.634502
1.645865	2.708872
-0.100564	0.010113
1.124474	1.264441
1.189062	1.413870
-0.729573	0.532276
-2.077507	4.316035
1.555834	2.420620
2.919388	8.522829
1.715693	2.943603
-1.789304	3.201610
-2.993513	8.961118
-2.486994	6.185141
-2.559444	6.550753
1.964894	3.860809
-2.800959	7.845373
1.902435	3.619259
0.979546	0.959511
-2.294633	5.265339
1.768708	3.128328
-2.945276	8.674653
0.760338	0.578114
-1.122161	1.259245
0.476151	0.226720
0.385201	0.148380
0.055160	0.003043
-1.951678	3.809048
2.517144	6.336014
-2.639247	6.965624
1.444912	2.087770
-2.644726	6.994573
-2.527045	6.385956
2.862106	8.191651
1.313676	1.725744
1.129952	1.276791
1.556239	2.421879
-2.975904	8.856005
2.309936	5.335803
-1.771277	3.137423
-0.170054	0.028918
-2.503303	6.266525
2.710055	7.344400
2.327656	5.417981
-0.850134	0.722728
0.226792	0.051435
0.556425	0.309609
-2.108194	4.444483
-1.390699	1.934044
-0.054158	0.002933
1.860922	3.463030
1.186646	1.408128
-0.231505	0.053595
0.282669	0.079902
-0.128676	0.016558
-2.290473	5.246266
-1.293980	1.674384
-2.476268	6.131905
-1.386546	1.922509
-2.337304	5.462991
-1.836082	3.371196
-1.463946	2.143138
-1.811270	3.280700
-2.534035	6.421333
1.982446	3.930094
1.254182	1.572973
2.278011	5.189334
0.199383	0.039754
0.979412	0.959249
-2.127669	4.526975
-0.673906	0.454149
2.187812	4.786523
1.641885	2.695787
0.597483	0.356986
-0.322509	0.104012
-0.206688	0.042720
-2.609852	6.811329
-2.306316	5.319094
-0.832641	0.693292
1.152556	1.328386
2.497378	6.236898
-1.398633	1.956174
1.669984	2.788846
-0.144113	0.020769
2.101342	4.415637
-2.046719	4.189058
-2.445108	5.978554
1.451954	2.108172
2.448479	5.995049
2.823349	7.971302
-2.444563	5.975887
-0.543165	0.295028
-1.193969	1.425562
-0.023322	0.000544
2.906796	8.449460
2.455746	6.030688
-2.151850	4.630458
1.931588	3.731032
-0.119190	0.014206
2.623964	6.885188
1.809641	3.274801
-1.840020	3.385673
-2.249974	5.062382
-0.709989	0.504085
-2.224063	4.946457
-1.647418	2.713988
1.526514	2.330244
-1.247193	1.555489
-0.708206	0.501555
-2.841879	8.076277
-0.891980	0.795628
-2.011331	4.045451
-0.896857	0.804353
-1.223798	1.497681
-1.698903	2.886271
-2.649914	7.022044
1.188313	1.412088
0.668257	0.446567
1.408403	1.983599
-0.430982	0.185745
2.062483	4.253835
-1.043836	1.089594
-0.146435	0.021443
0.471587	0.222394
-0.637886	0.406899
1.262930	1.594992
-2.409228	5.804378
-2.692480	7.249450
1.163456	1.353629
-0.259718	0.067453
1.490626	2.221964
0.905209	0.819404
2.350291	5.523869
-1.432163	2.051090
