2.410130	13.999785
2.669661	19.026921
0.749333	0.420750
0.970660	0.914538
-0.134956	-0.002458
-1.941311	-7.316191
-1.933705	-7.230540
-1.644933	-4.450867
-2.369401	-13.301970
-1.053689	-1.169869
2.353168	13.030428
-2.181728	-10.384881
1.081883	1.266314
-0.764309	-0.446484
-0.030507	-0.000028
-1.159800	-1.560090
0.812659	0.536691
-1.312038	-2.258599
-1.459124	-3.106535
2.498854	15.603521
-2.192094	-10.533610
-1.900599	-6.865488
-0.607626	-0.224342
-1.442503	-3.001581
-1.870598	-6.545484
-2.746863	-20.725784
-2.404164	-13.896083
-0.114731	-0.001510
2.244369	11.305318
-2.928618	-25.118169
1.975762	7.712657
-0.610562	-0.227609
2.962587	26.002394
-0.813183	-0.537731
-2.963630	-26.029866
0.260926	0.017765
2.703537	19.760465
-0.830668	-0.573168
-0.608956	-0.225817
1.929730	7.186041
2.918721	24.864392
2.739539	20.560449
-2.072236	-8.898511
1.292544	2.159414
2.174207	10.277865
1.419282	2.858948
-1.326388	-2.333519
0.774461	0.464514
-2.432431	-14.392016
-1.677217	-4.718110
-1.924259	-7.125095
-2.885960	-24.036474
-0.152429	-0.003542
-0.373892	-0.052268
2.942365	25.473551
-2.084510	-9.057575
-0.334753	-0.037512
1.788693	5.722790
-1.266941	-2.033617
1.820265	6.031199
-1.383973	-2.650838
-0.617292	-0.235219
1.617345	4.230655
-0.734366	-0.396039
2.820278	22.432410
-1.066321	-1.212452
0.414224	0.071073
-1.876645	-6.609166
-2.395250	-13.742088
2.985386	26.607349
2.948772	25.640338
-2.370482	-13.320178
1.607832	4.156447
-1.038703	-1.120661
1.729680	5.174848
1.371405	2.579274
0.176436	0.005492
0.878990	0.679129
-2.509409	-15.802075
2.286548	11.954756
-1.465727	-3.148905
-2.093248	-9.171959
1.067794	1.217482
-0.000817	-0.000000
-0.672517	-0.304166
2.359345	13.133315
-0.078596	-0.000486
1.935139	7.246632
-0.145231	-0.003063
1.031184	1.096500
-1.358699	-2.508243
-1.988504	-7.862842
2.858622	23.359853
-2.872079	-23.691318
-2.299417	-12.157754
1.449409	3.044896
-1.052888	-1.167202
1.933702	7.230506
-2.460410	-14.894382
-2.077742	-8.969636
-1.656720	-4.547233
0.782302	0.478767
-0.344395	-0.040848
-2.261674	-11.568851
-2.119293	-9.518596
0.093195	0.000809
1.642212	4.428814
-1.600919	-4.103064
-2.633123	-18.256318
-0.541014	-0.158353
2.222568	10.979058
-2.669159	-19.016176
-1.702584	-4.935434
-2.453376	-14.767006
2.105626	9.335628
-1.517564	-3.494949
-2.623151	-18.049686
1.288270	2.138062
1.719841	5.087040
2.110672	9.402909
1.591055	4.027685
-0.858186	-0.632040
0.737369	0.400917
0.178098	0.005649
0.713448	0.363150
2.556189	16.702395
1.310228	2.249268
2.410161	14.000332
2.353356	13.033558
-1.818636	-6.015020
-2.409494	-13.988698
2.254427	11.457986
-2.450036	-14.706777
-0.330569	-0.036123
2.514698	15.902208
-0.261227	-0.017826
-0.865712	-0.648814
1.637275	4.388996
0.073071	0.000390
1.451409	3.057521
-2.729640	-20.338378
2.380188	13.484466
-0.514573	-0.136251
-0.434690	-0.082137
-2.133226	-9.707574
-1.721110	-5.098309
1.168412	1.595101
2.093479	9.174997
-1.657953	-4.557392
-0.718582	-0.371047
-2.806402	-22.102928
2.191290	10.522034
2.516072	15.928296
2.199563	10.641651
1.567747	3.853260
0.352061	0.043637
2.613476	17.850721
1.876036	6.602724
0.044570	0.000089
-0.183758	-0.006205
1.920713	7.085779
1.078833	1.255634
-2.336833	-12.760958
0.025438	0.000016
-2.359961	-13.143608
1.618190	4.237290
1.978609	7.746045
-1.251282	-1.959138
2.901631	24.430167
-1.608512	-4.161723
-2.349042	-12.962016
-0.583003	-0.198159
0.844794	0.602911
-0.647271	-0.271181
1.435338	2.957075
-0.088973	-0.000704
0.517216	0.138361
0.254699	0.016523
1.968553	7.628536
-2.567870	-16.932419
1.227374	1.848973
-0.989116	-0.967701
-2.121603	-9.549761
-0.625080	-0.244235
2.450549	14.716009
-1.994939	-7.939419
-1.805219	-5.882880
-2.194040	-10.561699
-2.100989	-9.274087
-0.708172	-0.355154
-1.965916	-7.597918
-2.850512	-23.161611
-1.761665	-5.467267
-1.438139	-2.974424
-0.471655	-0.104924
2.919710	24.889666
2.825382	22.554417
-1.356078	-2.493757
2.599797	17.571881
2.591573	17.405652
-0.724437	-0.380191
-1.754534	-5.401142
1.852032	6.352510
0.489537	0.117315
1.280933	2.101742
-2.822574	-22.487232
0.770879	0.458099
-2.170761	-10.229065
1.592082	4.035490
1.987535	7.851349
1.858891	6.423352
0.118568	0.001667
0.244496	0.014616
-0.099932	-0.000998
0.242598	0.014278
-0.286247	-0.023454
0.322446	0.033525
0.613272	0.230653
2.431658	14.378296
-0.226916	-0.011684
0.636514	0.257883
2.708943	19.879227
2.823539	22.510300
0.862159	0.640858
0.385233	0.057170
-0.763671	-0.445369
1.359353	2.511866
-0.411892	-0.069880
2.037222	8.455027
1.327878	2.341393
-2.701373	-19.713039
1.892267	6.775596
-1.250903	-1.957359
-1.176264	-1.627476
-0.827277	-0.566177
-0.530362	-0.149183
0.932449	0.810728
-0.450872	-0.091656
-1.567081	-3.848350
-0.397863	-0.062980
-1.201324	-1.733727
1.927243	7.158288
2.246300	11.334526
2.406102	13.929714
-0.716816	-0.368318
-2.574226	-17.058474
-2.356248	-13.081657
-1.561116	-3.804566
-2.140092	-9.801615
-0.193345	-0.007228
-1.390967	-2.691230
0.680020	0.314460
-0.605094	-0.221549
2.799885	21.949292
1.856886	6.402589
-1.545188	-3.689301
-0.384759	-0.056960
-0.590792	-0.206207
0.765945	0.449358
-2.599507	-17.566001
0.963478	0.894386
-2.589671	-17.367352
-2.563643	-16.848946
2.974474	26.316644
1.762391	5.474023
0.783046	0.480133
0.732977	0.393796
-2.206413	-10.741388
-0.994540	-0.983709
1.801521	5.846792
-1.066696	-1.213730
-0.156083	-0.003802
-0.983317	-0.950781
-0.855651	-0.626456
-1.593352	-4.045156
-1.650407	-4.495449
-2.029306	-8.356852
-0.324373	-0.034130
-2.688198	-19.426014
-0.708349	-0.355420
0.022677	0.000012
1.896719	6.823529
2.705820	19.810547
2.055292	8.682013
-1.652988	-4.516573
1.228780	1.855336
-1.852343	-6.355708
1.196806	1.714238
-2.432675	-14.396339
2.653407	18.681486
1.220731	1.819115
1.846645	6.297236
1.112113	1.375456
-1.297140	-2.182529
2.105759	9.337397
0.078566	0.000485
0.133560	0.002382
-2.059926	-8.740869
-2.178874	-10.344187
2.649644	18.602120
1.488341	3.296910
2.519183	15.987440
2.774073	21.347835
0.524375	0.144187
2.032628	8.397955
2.210687	10.803931
-0.270104	-0.019706
-1.023716	-1.072850
0.113682	0.001469
-1.589921	-4.019082
-0.112301	-0.001416
-2.631695	-18.226641
2.789591	21.708093
-0.365354	-0.048769
0.142729	0.002908
1.772288	5.566765
-0.559412	-0.175064
1.500341	3.377300
-0.823320	-0.558092
1.530894	3.587858
-2.528949	-16.174097
-2.494952	-15.530538
2.651735	18.646209
0.338068	0.038638
-1.797082	-5.803682
1.777378	5.614869
0.274735	0.020737
2.598215	17.539822
-1.611600	-4.185738
-0.098031	-0.000942
-2.643184	-18.466396
-1.529086	-3.575165
-0.738594	-0.402918
0.386417	0.057699
-1.126648	-1.430093
0.176144	0.005465
2.573879	17.051580
-0.883549	-0.689750
0.105531	0.001175
1.559337	3.791580
-0.287980	-0.023883
-1.289369	-2.143542
2.498826	15.602996
-1.148978	-1.516826
1.156011	1.544848
-1.843698	-6.267141
1.591862	4.033815
2.285997	11.946128
2.719481	20.112125
-1.443212	-3.006012
-2.421027	-14.190537
-2.321451	-12.510611
0.596013	0.211722
0.201802	0.008218
-1.211692	-1.779004
0.472864	0.105732
0.130407	0.002218
1.435506	2.958114
-2.640755	-18.415542
-2.188736	-10.485283
0.562637	0.178108
0.895453	0.718006
2.620596	17.997009
-0.367608	-0.049677
1.736399	5.235382
-0.881641	-0.685291
1.288012	2.136780
-2.374207	-13.383062
-2.397862	-13.787086
1.337801	2.394277
2.662817	18.880963
2.663152	18.888084
-0.022477	-0.000011
1.010016	1.030351
1.440638	2.989954
0.402474	0.065195
0.515425	0.136930
-1.562169	-3.812273
2.751563	20.832351
-2.031064	-8.378590
-0.921953	-0.783659
1.269591	2.046406
-2.173828	-10.272487
1.738866	5.257730
-1.405044	-2.773767
-0.141324	-0.002823
1.688054	4.810151
-0.651122	-0.276049
-1.780188	-5.641542
0.082812	0.000568
-0.205082	-0.008625
1.545117	3.688793
1.612848	4.195469
-2.125103	-9.597101
-1.610128	-4.174278
-2.058726	-8.725601
1.584656	3.979283
-0.770952	-0.458229
-0.285445	-0.023258
2.709090	19.882470
2.882810	23.957855
1.851781	6.349932
-2.467064	-15.015545
-0.579376	-0.194483
0.226760	0.011660
-2.512464	-15.859874
2.994845	26.861049
1.444397	3.013419
0.412391	0.070134
0.959762	0.884078
0.258106	0.017195
-2.450897	-14.722291
-1.625038	-4.291313
1.583037	3.967099
1.475763	3.214032
-0.551745	-0.167964
-0.649615	-0.274138
-2.614413	-17.869923
-0.141140	-0.002812
0.299864	0.026963
-2.310430	-12.333269
-1.740887	-5.276084
-2.989416	-26.715248
0.706700	0.352943
2.188243	10.478192
-0.299004	-0.026732
1.630244	4.332696
-0.740159	-0.405485
1.737481	5.245181
1.328000	2.342041
-2.122194	-9.557746
-2.823088	-22.499527
2.969089	26.173962
-2.061441	-8.760180
-0.507923	-0.131037
-2.773313	-21.330288
-0.822040	-0.555494
-1.952159	-7.439534
1.072724	1.234422
-1.959666	-7.525687
-1.814410	-5.973185
-0.618367	-0.236449
-0.999166	-0.997501
1.041682	1.130331
-1.640880	-4.418047
0.428314	0.078575
2.332139	12.684207
2.152398	9.971669
1.396646	2.724324
-1.563970	-3.825476
-0.120496	-0.001750
-2.575096	-17.075761
0.580672	0.195791
-1.223399	-1.831065
1.647854	4.474618
2.654629	18.707318
1.201611	1.734969
1.821306	6.041556
-0.904077	-0.738951
0.345823	0.041358
-1.238220	-1.898427
-0.594121	-0.209712
-0.755377	-0.431015
-2.773778	-21.341012
-1.636374	-4.381748
2.929641	25.144514
0.522201	0.142401
-2.246986	-11.344914
1.741019	5.277289
-2.333360	-12.704137
1.500208	3.376403
2.941134	25.441611
0.623010	0.241816
2.522742	16.055306
-0.621997	-0.240639
0.427627	0.078198
-0.289989	-0.024386
-0.950143	-0.857763
1.821162	6.040125
-2.795561	-21.847757
1.157994	1.552812
1.333481	2.371156
0.498358	0.123773
-2.042716	-8.523616
2.148920	9.923403
-0.401955	-0.064943
1.538472	3.641402
-0.810168	-0.531772
1.681547	4.754745
-1.742973	-5.295076
0.994716	0.984231
1.730103	5.178644
-0.594260	-0.209860
1.410522	2.806337
-2.478498	-15.225290
-2.047647	-8.585499
-2.506532	-15.747800
-2.264966	-11.619438
2.523685	16.073313
-0.146808	-0.003164
2.739186	20.552498
-0.476181	-0.107973
2.265496	11.627596
1.934506	7.239525
-0.779432	-0.473515
-0.042145	-0.000075
0.782464	0.479064
2.053379	8.657798
1.494039	3.334921
0.228921	0.011997
-0.554880	-0.170843
0.495689	0.121794
-0.093831	-0.000826
-2.764389	-21.125030
-0.232364	-0.012546
-2.184269	-10.421209
-0.825318	-0.562166
-0.039060	-0.000060
-0.888424	-0.701231
-2.801615	-21.989998
1.081993	1.266701
0.573561	0.188686
-2.358405	-13.117626
0.600407	0.216439
0.063736	0.000259
-1.709867	-4.999041
-0.442715	-0.086770
2.368537	13.287418
1.853558	6.368228
-2.175148	-10.291214
2.915214	24.774858
2.729315	20.331100
-2.822508	-22.485646
0.472377	0.105406
0.014014	0.000003
0.860187	0.636471
1.190748	1.688337
2.048475	8.595914
0.500904	0.125679
-2.754092	-20.889862
-2.677524	-19.195532
0.490320	0.117880
-2.180845	-10.372287
2.551330	16.607332
-2.302243	-12.202634
-0.387015	-0.057967
-2.656393	-18.744629
0.539381	0.156923
-0.737238	-0.400704
1.304277	2.218754
-0.789515	-0.492132
-0.248190	-0.015288
0.510316	0.132898
-2.613195	-17.844964
2.183351	10.408081
1.154040	1.536959
-0.004567	-0.000000
-0.790702	-0.494354
1.558308	3.784075
1.270702	2.051781
-0.108492	-0.001277
-0.958464	-0.880495
2.315574	12.415843
0.986484	0.959999
-2.069757	-8.866621
-2.489264	-15.424556
-1.795793	-5.791200
2.889213	24.117851
2.826870	22.590062
0.697854	0.339855
1.092778	1.304956
-1.202025	-1.736762
1.646751	4.465637
-2.365984	-13.244489
2.186427	10.452131
2.406510	13.936790
2.362466	13.185503
-1.184915	-1.663649
-2.486186	-15.367424
-0.062657	-0.000246
2.055070	8.679202
1.331868	2.362563
0.115878	0.001556
2.516317	15.932941
2.824229	22.526817
1.496600	3.352100
-2.175787	-10.300279
-0.956208	-0.874293
-0.919086	-0.776371
-2.103842	-9.311923
-1.374573	-2.597190
2.905269	24.522187
2.025411	8.308822
-1.325552	-2.329114
-2.044693	-8.548386
-1.464548	-3.141309
-2.741578	-20.606390
-1.919561	-7.073033
1.508140	3.430245
-1.439728	-2.984291
